,Unnamed: 0,game_id,cta_start_x,cta_start_y,cta_end_x,cta_end_y,cta_height,cta_width
0,0,ed3071a667a11cc56e88ae0489bfe6aa,15.0,38.0,615.0,938.0,900.0,600.0
1,0,4799763419d621cd41e7fb8abbcdd45d,348.0,795.0,582.0,845.0,50.0,234.0
2,0,bf1f7af46eec0e92939a8b3ba51cbacd,141.0,744.0,527.0,809.0,65.0,386.0
3,0,e68e20f592457b875ce29757ab855dfe,348.0,795.0,582.0,845.0,50.0,234.0
4,0,6a8e741867d4f893afad015b77b52c39,166.0,815.0,466.0,879.0,64.0,300.0
5,0,65299151bf4cbd1825d28e4a43d113ac,,,,,,
6,0,42c5b4b367187c29ac8fdd78c70837d6,222.0,798.0,372.0,841.0,43.0,150.0
7,0,adunit-heineken-pure-malt-mob,299.0,790.0,545.0,848.0,58.0,246.0
8,0,f08d8e575fa2c9929dfaf2d1bfa553a2,36.0,689.0,239.0,739.0,50.0,203.0
9,0,adunit-mouser-user-choice-cpe-av-us-mob,,,,,,
10,0,dbe499749ecc456991332fc5d847ad2e,348.0,795.0,582.0,845.0,50.0,234.0
11,0,6b7ddb8af0b0d4b5e042ac9469300177,166.0,815.0,466.0,879.0,64.0,300.0
12,0,adunit-lionsgate-moonfall-parallax-dec-mpu,589.0,772.0,828.0,834.0,62.0,239.0
13,0,adunit-jaguar-nameplate-refresh-rfb-mpu,408.0,240.0,679.0,291.0,51.0,271.0
14,0,adunit-chevy-600-1200-hotspot-explorer-cpe-av-mob,,,,,,
15,0,f0a8b52312fce8d57f34bc6441dea750,,,,,,
16,0,adunit-milk-user-slide-v2-mpu,0.0,0.0,125.0,40.0,40.0,125.0
17,0,adunit-western-union-kroger-scrub-mob,,,,,,
18,0,424a4a0bfde5a836ed93394a8c099b17,348.0,795.0,582.0,845.0,50.0,234.0
19,0,4baa12ddba0c06b618225f8191a6d722,118.0,331.0,352.0,381.0,50.0,234.0
20,0,adunit-heineken-pure-malt-bio,,,,,,
21,0,3cea7861b4a43a0695ae177cf0829267,188.0,391.0,788.0,891.0,500.0,600.0
22,0,adunit-milk-ctc-swipe-to-catch-mpu,0.0,0.0,126.0,40.0,40.0,126.0
23,0,adunit-city-square-mall-cny-mob,,,,,,
24,0,adunit-lionsgate-uwomt-user-slider-sensory-video-mpu,232.0,863.0,438.0,923.0,60.0,206.0
25,0,adunit-chevy-tap-and-hold-600-1200-final-mob,119.0,340.0,462.0,401.0,61.0,343.0
26,0,3ba594c8b6a2376bc1013a0d13b83200,135.0,796.0,384.0,863.0,67.0,249.0
27,0,adunit-yamaha-rmax-1000-sensory-plus-video-mob,,,,,,
28,0,28c88e21eaae4c3db86fe5a48ae9c7d5,222.0,23.0,587.0,95.0,72.0,365.0
29,0,3ba7994ec2ea0b953b57457bd25ac857,166.0,815.0,466.0,879.0,64.0,300.0
30,0,c0ccae16df156f9744c8c74e252ad00b,566.0,829.0,728.0,874.0,45.0,162.0
31,0,e5c648e39c7860bf0e70f4b02ecafbdf,348.0,795.0,582.0,845.0,50.0,234.0
32,0,adunit-mouser-user-choice-v2-cpe-av-aus-nz-mob,53.0,9.0,547.0,103.0,94.0,494.0
33,0,adunit-volks-wagen-2021-new-polo-v1-v3-mpu,,,,,,
34,0,adunit-showtime-dexter-sensory-plus-video-canvas-v4-mob,332.0,852.0,577.0,903.0,51.0,245.0
35,0,ae30ff3cae1f369954f5e91499b9e515,106.0,499.0,520.0,567.0,68.0,414.0
36,0,adunit-lionsgate-uwomt-user-slider-sensory-video-final-tune2-mpu,,,,,,
37,0,c8a1bbadb8931aee1d1438ae9962814e,,,,,,
38,0,adunit-mouser-user-choice-cpe-aus-nz-mob,53.0,9.0,547.0,103.0,94.0,494.0
39,0,0301a5865ecfd7c5a1653dde10a5aedf,348.0,795.0,582.0,845.0,50.0,234.0
40,0,bb8342d60fc04fb8c4fcfdbc3025f4d9,181.0,754.0,452.0,831.0,77.0,271.0
41,0,9d7dacc59d5bfde6cfaa17d2604ae9d5,464.0,845.0,626.0,890.0,45.0,162.0
42,0,adunit-nestle-maggi-varieties-bouillon-en-kwt-mob,84.0,709.0,529.0,788.0,79.0,445.0
43,0,adunit-western-union-ralphs-auto-engage-v2-mpu,,,,,,
44,0,7ff33d15bd3e7d73cede0691a393c288,166.0,815.0,466.0,879.0,64.0,300.0
45,0,4c3bb41d4f40f39842b7b8d3f536366a,212.0,833.0,415.0,880.0,47.0,203.0
46,0,5e3fbc83a60c730e234618fe5483800e,595.0,331.0,829.0,381.0,50.0,234.0
47,0,295e3365c5ed156b3ae4c8f3194add31,185.0,450.0,418.0,507.0,57.0,233.0
48,0,adunit-jaguar-nameplate-refresh-lca-mpu,501.0,410.0,772.0,461.0,51.0,271.0
49,0,adunit-yamaha-wolverine-user-choice-av-v2-mpu,,,,,,
50,0,adunit-showtime-dexture-post-mpu,195.0,280.0,514.0,343.0,63.0,319.0
51,0,015efcdd8de3698ffc4dad6dabd6664a,201.0,844.0,429.0,893.0,49.0,228.0
52,0,adunit-scotch-brite-gamification-thai-mob,158.0,834.0,485.0,896.0,62.0,327.0
53,0,adunit-lexus-geo-video-google-maps-cta-mpu,0.0,0.0,234.0,50.0,50.0,234.0
54,0,adunit-mouser-user-choice-v2-cpe-canada-mob,53.0,9.0,547.0,103.0,94.0,494.0
55,0,ee5f0e9c4a1296a30944be613ab2028c,186.0,790.0,416.0,857.0,67.0,230.0
56,0,adunit-yamaha-wolverine-user-choice-cpe-reuse-mpu,,,,,,
57,0,adunit-hitmans-wifes-body-guard-user-choice-unit1-mpu,0.0,437.0,600.0,937.0,500.0,600.0
58,0,adunit-showtime-dexter-sensory-plus-video-canvas-mpu,,,,,,
59,0,adunit-jaguar-nameplate-refresh-v2-lca-mob,162.0,812.0,463.0,868.0,56.0,301.0
60,0,68c78af778382e3e80ba98d676dd8527,348.0,795.0,582.0,845.0,50.0,234.0
61,0,adunit-cartier-clash-swipe-or-tap-to-scroll-ch-mpu,339.0,843.0,773.0,894.0,51.0,434.0
62,0,782fd6ca8cf0483d38a3d685a9cdb536,652.0,652.0,917.0,708.0,56.0,265.0
63,0,8932a4d6d34de7718182c18cc30779e8,166.0,815.0,466.0,879.0,64.0,300.0
64,0,ea140a50dd4921ef96e08552e6eb9cc7,45.0,130.0,320.0,187.0,57.0,275.0
65,0,64beae61d488503fcd271af0ff3ea46a,116.0,331.0,350.0,381.0,50.0,234.0
66,0,adunit-standardchartered-bio-mob,,,,,,
67,0,adunit-mouser-user-choice-flight4-us-cpe-av-mob,,,,,,
68,0,adunit-yamaha-x2-sensory-plus-mpu,717.0,600.0,934.0,655.0,55.0,217.0
69,0,adunit-engagement-plus-ihop-evergreen-olo-drag-right-mpu,116.0,613.0,309.0,667.0,54.0,193.0
70,0,68d489e40aa39d4498507af1ccdf249a,119.0,768.0,481.0,834.0,66.0,362.0
71,0,6de62384e53319712bf7910e4db4e189,0.0,235.0,600.0,728.0,493.0,600.0
72,0,caf88bb6688890e82c30fb408ec4e76f,,,,,,
73,0,7ed73c1cc404f9956d26c5f58de72b2f,348.0,795.0,582.0,845.0,50.0,234.0
74,0,c350b0acd9f7b128c5ba096863e5444b,60.0,125.0,294.0,175.0,50.0,234.0
75,0,adunit-nestle-maggi-varieties-bouillon-en-ksa-mob,84.0,709.0,529.0,788.0,79.0,445.0
76,0,edd62a365ff46ae8c2e7a88dcb48ba56,119.0,316.0,485.0,383.0,67.0,366.0
77,0,adunit-gme-user-choice-mob,136.0,13.0,318.0,57.0,44.0,182.0
78,0,3dbee69360ec8c331edd1ac47c4da0ec,166.0,815.0,466.0,879.0,64.0,300.0
79,0,adunit-secom-rs-avanca-rs-phase2-mob,,,,,,
80,0,adunit-engagementplus-ihop-mob,112.0,777.0,512.0,842.0,65.0,400.0
81,0,df91c37d7078b8b406deaea243bb3746,0.0,0.0,600.0,900.0,900.0,600.0
82,0,55775796ac3c2a0fd0fde4cae6048827,57.0,544.0,443.0,609.0,65.0,386.0
83,0,b1e8cf36fefced5b9f20d291026b06db,166.0,815.0,466.0,879.0,64.0,300.0
84,0,adunit-nestle-maggi-varieties-bouillon-en-kwt-mpu,56.0,421.0,427.0,490.0,69.0,371.0
85,0,74858c868467c9f78a8989e87eb54c1c,240.0,336.0,648.0,438.0,102.0,408.0
86,0,adunit-mouser-user-choice-cpe-us-mob,53.0,9.0,547.0,103.0,94.0,494.0
87,0,adunit-lionsgate-uwomt-user-slider-sensory-video-final-mpu,671.0,673.0,877.0,733.0,60.0,206.0
88,0,032ecd4e7d6db78058878d0ac61a82dc,181.0,825.0,435.0,892.0,67.0,254.0
89,0,79c36d2adb94900291f5ddf1f6580c43,510.0,703.0,911.0,766.0,63.0,401.0
90,0,adunit-mouser-user-choice-cpe-canada-mob,53.0,9.0,547.0,103.0,94.0,494.0
91,0,adunit-ggpoker-gamification-user-choice-mpu,347.0,165.0,737.0,326.0,161.0,390.0
92,0,db671d7ebafdc3b7259109fbc18eaac9,348.0,795.0,582.0,845.0,50.0,234.0
93,0,adunit-mouser-user-choice-v2-cpe-av-canada-mpu,325.0,176.0,503.0,210.0,34.0,178.0
94,0,adunit-femsa-coca-cola-christmas-village-mob,0.0,10.0,514.0,150.0,140.0,514.0
95,0,243e1d1c834bb95798ff4e1db49950a3,120.0,832.0,618.0,888.0,56.0,498.0
96,0,049b5c09f2fc9c009cc3e7bc6e95be90,348.0,795.0,582.0,845.0,50.0,234.0
97,0,f033db746b20e747ee528caa07f0b2de,127.0,332.0,502.0,381.0,49.0,375.0
98,0,adunit-heineken-pure-malt-v2-mpu,551.0,232.0,708.0,269.0,37.0,157.0
99,0,adunit-lionsgate-moonfall-parallax-dec-mob,180.0,847.0,444.0,897.0,50.0,264.0
100,0,f52568446cd557df708c44efb668789c,387.0,748.0,701.0,806.0,58.0,314.0
101,0,ecc6562c52ea0a03f794e7cec023bd0b,242.0,855.0,383.0,900.0,45.0,141.0
102,0,adunit-western-union-kroger-scrub-auto-engagement-mob,,,,,,
103,0,09d86d1539357a20fd04a53d000e8471,348.0,795.0,582.0,845.0,50.0,234.0
104,0,adunit-western-union-sensory-unit-swipe-up-v2-mpu,,,,,,
105,0,adunit-chevy-hotspot-cpe-mpu,,,,,,
106,0,69a95b2cae65b8457594ab519006920c,,,,,,
107,0,b0228441fb421b8c322d67a6746f5f3e,348.0,795.0,582.0,845.0,50.0,234.0
108,0,adunit-lionsgate-moonfall-bio-mob,,,,,,
109,0,adunit-mouser-user-choice-v3-aus-nz-cpe-mob,53.0,9.0,547.0,103.0,94.0,494.0
110,0,61eb910425767fd90074a958328bee6a,348.0,795.0,582.0,845.0,50.0,234.0
111,0,adunit-subway-better-for-you-mpu,348.0,771.0,513.0,814.0,43.0,165.0
112,0,adunit-j12-singapore-v1-mpu,,,,,,
113,0,6280249e98882910535061f21ae36875,,,,,,
114,0,44495dd7cc8acb29ea1392d6066c43d0,412.0,824.0,656.0,856.0,32.0,244.0
115,0,adunit-the-botanist-gin-mob,199.0,875.0,465.0,939.0,64.0,266.0
116,0,c8fc9c5e6ec515c610c73f772ed5d3a4,14.0,276.0,314.0,340.0,64.0,300.0
117,0,adunit-playstation-spring-sale-mpu,832.0,525.0,1036.0,591.0,66.0,204.0
118,0,e7b3f462f7d1cc8dcaa9c076eaedd1a8,166.0,815.0,466.0,879.0,64.0,300.0
119,0,adunit-cartier-clash-swipe-or-tap-to-scroll-mob,21.0,855.0,621.0,915.0,60.0,600.0
120,0,eb84457fc98f942bb27157e930794c61,166.0,815.0,466.0,879.0,64.0,300.0
121,0,ddc12737f9718263bfb0f54843da0478,,,,,,
122,0,adunit-mouser-user-choice-v2-cpe-av-mob,53.0,9.0,547.0,103.0,94.0,494.0
123,0,ee11627c036ee9772446b6e3ac9da649,119.0,768.0,481.0,834.0,66.0,362.0
124,0,0a22f881b77f00220f2034c21a18b854,348.0,795.0,582.0,845.0,50.0,234.0
125,0,adunit-heineken-pure-malt-mpu,551.0,231.0,708.0,268.0,37.0,157.0
126,0,0792c911c288bd241c1e2a2b64bce488,,,,,,
127,0,9f157ba406572210d000f1478e8e656c,,,,,,
128,0,2a25b8b900eeb431fc7627a231bbc562,,,,,,
129,0,adunit-lionsgate-spiral-new-2-puzzle-v5-mpu,,,,,,
130,0,2845ecbabd12a9d2d17283664c06fa7d,117.0,26.0,414.0,95.0,69.0,297.0
131,0,cafcf13bef3457ebed7e08e02fa49252,,,,,,
132,0,adunit-city-square-mall-cny-mpu,,,,,,
133,0,adunit-showtime-dexture-mob,235.0,193.0,592.0,264.0,71.0,357.0
134,0,adunit-not-co-icecream-br-mpu,339.0,419.0,645.0,499.0,80.0,306.0
135,0,adunit-mouser-user-choice-flight4-aus-nz-cpe-mpu,369.0,640.0,547.0,674.0,34.0,178.0
136,0,adunit-standard-chartered-year-end-2021-bio-mob,,,,,,
137,0,0aeb1ee8a72ad3c5566cf7a2885dc39b,159.0,623.0,382.0,782.0,159.0,223.0
138,0,fef95c5e1ee5bc235b56d7c508d3bcd0,166.0,815.0,466.0,879.0,64.0,300.0
139,0,adunit-not-co-icecream-br-mob,78.0,786.0,548.0,908.0,122.0,470.0
140,0,adunit-hennessy-vsop-refik-anadol-mob,102.0,836.0,525.0,852.0,16.0,423.0
141,0,adunit-facebook-conversational-commerce-3-0-th-unit2-v2-mob,47.0,30.0,234.0,87.0,57.0,187.0
142,0,c48014dd1774f0fc8dddf6c6cdcb337f,170.0,339.0,378.0,392.0,53.0,208.0
143,0,034c0fa142311896c1b1b6900487d2fb,166.0,815.0,466.0,879.0,64.0,300.0
144,0,b8595cc38764f2c30d986c4c8080671c,57.0,0.0,657.0,500.0,500.0,600.0
145,0,adunit-mouser-user-choice-flight4-canada-cpe-mob,129.0,136.0,623.0,230.0,94.0,494.0
146,0,8c07f1799c55b47a5cf24d50fd771668,,,,,,
147,0,39d4594499ca9372338b51f71e0b6681,,,,,,
148,0,015f38df736f5a9498b18a1d12170187,,,,,,
149,0,5dae3772408bcecb586bf62312c13838,690.0,570.0,896.0,630.0,60.0,206.0
150,0,adunit-grofers-veggies-noodles-mob,129.0,526.0,614.0,633.0,107.0,485.0
151,0,89f522cf0adb2cc171321fb50abc9fc5,409.0,51.0,996.0,126.0,75.0,587.0
152,0,adunit-mouser-user-choice-flight4-uk-cpe-av-mob,129.0,136.0,623.0,230.0,94.0,494.0
153,0,adunit-gme-sensory-video-add-unmute-button-v2-mpu,,,,,,
154,0,adunit-lionsgate-uwomt-sensory-plus-tune-3-mob,,,,,,
155,0,73501a5fc5b60fea475b301aae4a3731,15.0,38.0,615.0,938.0,900.0,600.0
156,0,adunit-western-union-sensory-unit-swipe-right-tap-mob,,,,,,
157,0,bfeea6509482aeb0aaeed455fadb9c4e,190.0,284.0,478.0,348.0,64.0,288.0
158,0,de9c6db1311c86407f28feced87dc46b,798.0,517.0,1008.0,570.0,53.0,210.0
159,0,adunit-runnings-maps-mpu,215.0,248.0,639.0,321.0,73.0,424.0
160,0,adunit-lionsgate-uwomt-user-slider-sensory-video-final-tune4-mpu,98.0,337.0,304.0,397.0,60.0,206.0
161,0,b285c9ac9aa1669a7350e4c4594ea571,348.0,795.0,582.0,845.0,50.0,234.0
162,0,67169407f4dd5762a97f973e82e550bd,210.0,838.0,618.0,940.0,102.0,408.0
163,0,4443d262f14a8d6d58655dcf2e8c4542,,,,,,
164,0,5bc607274e363f0c1a9379e05075dcfc,166.0,815.0,466.0,879.0,64.0,300.0
165,0,adunit-showtime-dexter-sensory-plus-video-canvas-v4-post-mob,345.0,827.0,590.0,878.0,51.0,245.0
166,0,adunit-heineken-sa-celebrations-bio-v3-mob,,,,,,
167,0,02335ed7fbc9fd8ec1505d30a7d385ba,348.0,795.0,582.0,845.0,50.0,234.0
168,0,adunit-cartier-clash-swipe-or-tap-to-scroll-mpu,351.0,806.0,785.0,857.0,51.0,434.0
169,0,68c52769f63d072ef64e0dde04ed5ff0,212.0,220.0,443.0,294.0,74.0,231.0
170,0,adunit-scotch-brite-scrub-dots-sponge-swap-thai-mob,158.0,833.0,485.0,895.0,62.0,327.0
171,0,4246216d92d4ceaf0580115dd775c2e2,166.0,815.0,466.0,879.0,64.0,300.0
172,0,f16751048b64354c30b034c44981225f,166.0,815.0,466.0,879.0,64.0,300.0
173,0,d2210530c4400ba1eaf5f712b646e7e6,348.0,795.0,582.0,845.0,50.0,234.0
174,0,adunit-mouser-user-choice-flight4-canada-cpe-av-mpu,369.0,640.0,547.0,674.0,34.0,178.0
175,0,3bc6564698bdf9559b98b255737bbedb,166.0,815.0,466.0,879.0,64.0,300.0
176,0,e1abe0c4a3df40bbb0d35d089caa13a5,13.0,97.0,247.0,147.0,50.0,234.0
177,0,adunit-chevy-tap-mob,,,,,,
178,0,9e45326648ea56b095dfe34466ce6018,207.0,497.0,807.0,832.0,335.0,600.0
179,0,919ef5d6de221daf94537e4d87e98859,885.0,369.0,1130.0,425.0,56.0,245.0
180,0,258bf2e1c0ff55be0762ccab1c5b18db,,,,,,
181,0,adunit-j-j-e-commerce-mpu,98.0,18.0,435.0,60.0,42.0,337.0
182,0,2a7069f1ccdc33dd1f7a200e3026b4ad,60.0,366.0,328.0,408.0,42.0,268.0
183,0,adunit-van-cleef-and-arpels-frivole-wave-unit1-mpu,0.0,0.0,491.0,25.0,25.0,491.0
184,0,b12b03c2dec5e71fe630d3b06062982a,128.0,213.0,362.0,261.0,48.0,234.0
185,0,adunit-simple-feast-build-for-industry-survey-q1-mob,2.0,269.0,593.0,385.0,116.0,591.0
186,0,3a462469eef8972bc33e93d3b9402fda,,,,,,
187,0,8091002d3367a188f845f2c9fcdbadea,166.0,815.0,466.0,879.0,64.0,300.0
188,0,459c60702cfaae32207a161b693df47c,141.0,721.0,527.0,786.0,65.0,386.0
189,0,e37596726bbaf0321aed953b6f8e1be7,348.0,795.0,582.0,845.0,50.0,234.0
190,0,adunit-chevy-panoramic-hotspot-explorer-cpe-mob,,,,,,
191,0,adunit-instagram-bio-mob,,,,,,
192,0,adunit-chevy-tap-and-hold-mob,171.0,791.0,453.0,841.0,50.0,282.0
193,0,adunit-yamaha-x2-x4-userchoice-cpe-av-mpu,544.0,759.0,816.0,829.0,70.0,272.0
194,0,cce594945c50492d887116e17ebd966f,541.0,809.0,887.0,877.0,68.0,346.0
195,0,adunit-lionsgate-moonfall-parallax-dec-get-tickets-mob,183.0,847.0,447.0,897.0,50.0,264.0
196,0,adunit-yamaha-wolverine-user-choice-cpe-v2-mob,,,,,,
197,0,adunit-facebook-conversational-commerce-3-0-vn-unit1-v2-mob,221.0,741.0,408.0,798.0,57.0,187.0
198,0,2407dd6a760fb8ea2054a251cdb5b907,,,,,,
199,0,86f213ed98d05c93c09fe2d0ded4dfe6,,,,,,
200,0,4546fea5413797d10224198aaa34fe45,188.0,887.0,452.0,937.0,50.0,264.0
201,0,b973c711c94c3261f51e002b853be33d,166.0,815.0,466.0,879.0,64.0,300.0
202,0,c004ede9dbeaf07289dff53dfaa0cd9e,93.0,244.0,494.0,307.0,63.0,401.0
203,0,600c1fdc6860cf16358e00cc238a42f6,135.0,831.0,501.0,898.0,67.0,366.0
204,0,b7aa3693292fc7cf17f4fc1da680bf5d,166.0,815.0,466.0,879.0,64.0,300.0
205,0,adunit-chevy-tap-600-1200-final-mob,68.0,23.0,411.0,84.0,61.0,343.0
206,0,2524439faeafa1c2ca1a27cac00a97b1,,,,,,
207,0,4f435640fb278b789726bbcd47ce5daf,166.0,815.0,466.0,879.0,64.0,300.0
208,0,adunit-mouser-user-choice-v3-uk-cpe-mob,53.0,9.0,547.0,103.0,94.0,494.0
209,0,59f430cb4755fb8e77109dcc9c8fb888,230.0,58.0,474.0,116.0,58.0,244.0
210,0,adunit-mouser-user-choice-v2-cpe-av-uk-mpu,325.0,176.0,503.0,210.0,34.0,178.0
211,0,ba9ca629a79e79a0b652b5b275ecd5e1,716.0,600.0,933.0,655.0,55.0,217.0
212,0,adunit-lionsgate-moonfall-parallax-cta2-phase-spanish-mpu,136.0,294.0,736.0,794.0,500.0,600.0
213,0,86782260310be394dce33ef91955a716,166.0,815.0,466.0,879.0,64.0,300.0
214,0,adunit-scotch-brite-gamification-v2-mob,271.0,685.0,598.0,747.0,62.0,327.0
215,0,adunit-lionsgate-moonfall-parallax-cta3-mpu,78.0,162.0,678.0,662.0,500.0,600.0
216,0,adunit-lionsgate-moonfall-parallax-cta5-mob,26.0,1.0,626.0,901.0,900.0,600.0
217,0,4e262fac1ce05ff65d581d668fc54e86,118.0,331.0,352.0,381.0,50.0,234.0
218,0,65fb17277b3fbfe200f6ac90f0717c48,166.0,815.0,466.0,879.0,64.0,300.0
219,0,de22272cbb7ebe2622fa3b847330ccc6,13.0,96.0,247.0,146.0,50.0,234.0
220,0,974199c136ccbd972ae2fd4714e453f5,55.0,656.0,302.0,710.0,54.0,247.0
221,0,0b1ee11406e97cc6fb4229deeb19e6b7,137.0,610.0,437.0,680.0,70.0,300.0
222,0,77cb39bbc869bdf0db280ec15a15280f,166.0,815.0,466.0,879.0,64.0,300.0
223,0,92a1ef3b78f2b21068f8e1da4025e239,348.0,795.0,582.0,845.0,50.0,234.0
224,0,2aab06df5509c6727fd35c7344796eb1,,,,,,
225,0,be3f931b8039ef187f1dcfa3d488c041,355.0,826.0,528.0,876.0,50.0,173.0
226,0,f50ff5f8d3f50ecaccadf63345ec16bc,135.0,815.0,499.0,891.0,76.0,364.0
227,0,f38dae81fae6d60408100503e4661ac6,348.0,795.0,582.0,845.0,50.0,234.0
228,0,b6519446fad0a84445faf9620f0fa02e,348.0,795.0,582.0,845.0,50.0,234.0
229,0,f1cc75828bb3b7419b0d210e971a7cdf,61.0,662.0,305.0,753.0,91.0,244.0
230,0,2adefe98452f112060fe28e98f7a2c46,110.0,258.0,290.0,306.0,48.0,180.0
231,0,adunit-ge-biofuel-userchoice-mob,170.0,809.0,458.0,889.0,80.0,288.0
232,0,adunit-lionsgate-moonfall-parallax-cta3-mob,3.0,1.0,603.0,901.0,900.0,600.0
233,0,3ebf3ba9b654b8281c7b45e65133986f,166.0,815.0,466.0,879.0,64.0,300.0
234,0,9b2e41fdabcefdda0a86803e415a8c98,116.0,331.0,350.0,381.0,50.0,234.0
235,0,adunit-ihop-ihoppy-hour-save-dollar-5-mob,158.0,440.0,473.0,507.0,67.0,315.0
236,0,adunit-lionsgate-uwomt-user-slider-sensory-video-final-tune3-mpu,690.0,570.0,896.0,630.0,60.0,206.0
237,0,299eff884b51e6894dbd307f0a2a6554,,,,,,
238,0,fdf622b95e3d532398921834f6bbfa38,348.0,795.0,582.0,845.0,50.0,234.0
239,0,c76677bf8d4e0e0d6267a8c097957e92,750.0,889.0,869.0,923.0,34.0,119.0
240,0,adunit-nutrella-barrilito-mpu,,,,,,
241,0,94ed9dbaf0a8f0a64d4e04a3b1d9431a,348.0,795.0,582.0,845.0,50.0,234.0
242,0,bcc5ae4665b6b8c2ff25dfdc65fbc65a,168.0,813.0,467.0,889.0,76.0,299.0
243,0,df89c44299ec66120e89ab1d1296c26f,166.0,815.0,466.0,879.0,64.0,300.0
244,0,03f2fc9a332b87e896b2da508a061754,265.0,20.0,502.0,94.0,74.0,237.0
245,0,29383bc5de5a62c642fb9434d71863e7,166.0,815.0,466.0,879.0,64.0,300.0
246,0,adunit-facebook-conversational-commerce-3-0-th-bio2-mob,,,,,,
247,0,adunit-ihop-window4-scary-face-mpu,,,,,,
248,0,adunit-chevy-user-slider-seat-interior-300-600-cpe-av-mob,3.0,0.0,521.0,946.0,946.0,518.0
249,0,032c21ac0d52d23f683dc4c2b7388865,,,,,,
250,0,07a8072d594af3c04ef47e8722fc1b38,348.0,795.0,582.0,845.0,50.0,234.0
251,0,d48b2247fce73617dab5633187c02360,35.0,69.0,342.0,164.0,95.0,307.0
252,0,7db3a9c286b1a445845bad68ff95f2bb,206.0,614.0,564.0,670.0,56.0,358.0
253,0,adunit-subway-better-for-you-mob,44.0,826.0,333.0,902.0,76.0,289.0
254,0,b2174dea77ef62674fa5d51c84359984,0.0,176.0,257.0,235.0,59.0,257.0
255,0,b046eee3c13e2f88aba3c40743093d13,166.0,815.0,466.0,879.0,64.0,300.0
256,0,3983cfed2def8feebc57bb6638cf49c8,166.0,815.0,466.0,879.0,64.0,300.0
257,0,adunit-chevy-tap-and-hold-600-1200-mob,119.0,340.0,462.0,401.0,61.0,343.0
258,0,59e7b509d984f3a5b13fb8a33e0f6c2d,834.0,889.0,979.0,931.0,42.0,145.0
259,0,adunit-mouser-user-choice-v3-uk-cpe-mpu,325.0,176.0,503.0,210.0,34.0,178.0
260,0,3ef8b18ef78ad050d1a76b801d97a08c,166.0,815.0,466.0,879.0,64.0,300.0
261,0,cc6c33bd4409ded3155793811af5c72b,348.0,795.0,582.0,845.0,50.0,234.0
262,0,adunit-yamaha-rmax2-1000-sports-sensory-plus-video-mpu,,,,,,
263,0,d6875bfe73a3abc7eea25b7de121c643,221.0,97.0,500.0,156.0,59.0,279.0
264,0,23fb8e9094b55306b08f7157c4b5ec43,,,,,,
265,0,adunit-van-cleef-and-arpels-frivole-wave-unit2-mpu,111.0,833.0,602.0,858.0,25.0,491.0
266,0,adunit-yamaha-wolverine-user-choice-cpe-mob,179.0,789.0,451.0,859.0,70.0,272.0
267,0,adunit-yamaha-wolverine-user-choice-av-mpu,,,,,,
268,0,8a662fbaa5f751bf677c50359f0716c2,348.0,795.0,582.0,845.0,50.0,234.0
269,0,3c5daf79e8097eae0956840826c90fcc,166.0,815.0,466.0,879.0,64.0,300.0
270,0,471b3c709ca35b4765c096beb835bcc3,339.0,368.0,367.0,406.0,38.0,28.0
271,0,adunit-therezopolis-beer-chegou-mob,149.0,449.0,409.0,510.0,61.0,260.0
272,0,adunit-mouser-user-choice-flight4-uk-cpe-mpu,325.0,176.0,503.0,210.0,34.0,178.0
273,0,ddef3dc6e16e17bb53b7ba66a400308b,33.0,75.0,333.0,139.0,64.0,300.0
274,0,adunit-simple-feast-build-for-industry-survey-q2-mob,,,,,,
275,0,44799b510c8a525e9baaa4729e200efa,,,,,,
276,0,676e0507f9e1ed8fa6880eafcf91547b,348.0,795.0,582.0,845.0,50.0,234.0
277,0,3a6d279abd87aadd09f950bcb123e358,364.0,804.0,765.0,867.0,63.0,401.0
278,0,fbb156a0dc35c2e9f126d5140ae6ea66,893.0,331.0,1127.0,381.0,50.0,234.0
279,0,adunit-gm-ces-user-choice-mpu,754.0,11.0,1008.0,55.0,44.0,254.0
280,0,c47a1785032e3bc12dc53dc97034dd33,275.0,403.0,307.0,446.0,43.0,32.0
281,0,8c0f5a32827b9e60dbd30b77178fe184,166.0,815.0,466.0,879.0,64.0,300.0
282,0,0716aeb4425d2865ea9b1996ef4f90fe,,,,,,
283,0,5190d04e9abb3684a856257429894a5b,348.0,795.0,582.0,845.0,50.0,234.0
284,0,02d99db5aa9193b2bfc98ad6998e0ea7,594.0,331.0,828.0,381.0,50.0,234.0
285,0,09b983781c78607d3e9348f231765ea1,,,,,,
286,0,adunit-chevy-user-slider-seat-interior-300-600-cpe-mob,0.0,3.0,518.0,949.0,946.0,518.0
287,0,8578176a5460d41edddd1440ab46e564,55.0,656.0,302.0,710.0,54.0,247.0
288,0,adunit-yamaha-wolverine-user-choice-av-mob,179.0,789.0,451.0,859.0,70.0,272.0
289,0,adunit-lexus-video-carousel-cpe-av-mob,0.0,0.0,244.0,55.0,55.0,244.0
290,0,adunit-nestle-maggi-varieties-bouillon-ar-ksa-mob,,,,,,
291,0,adunit-hennessy-vsop-refik-anadol,102.0,836.0,525.0,852.0,16.0,423.0
292,0,adunit-lexus-icertified-sensory-video-google-maps-cta-mob,,,,,,
293,0,0a59be2e7dd53d6de11a10ce3649c081,166.0,815.0,466.0,879.0,64.0,300.0
294,0,adunit-lionsgate-spiral-new-2-puzzle-v4-mob,276.0,29.0,510.0,98.0,69.0,234.0
295,0,9415d4728381f961a8d6bd7c57142ab7,135.0,815.0,499.0,891.0,76.0,364.0
296,0,bfbf7a2b7ac635e67877b1ab87fd6629,166.0,815.0,466.0,879.0,64.0,300.0
297,0,adunit-gme-sensory-video-add-unmute-button-v2-mob,190.0,855.0,440.0,909.0,54.0,250.0
298,0,adunit-scotch-brite-scrub-dots-sponge-tap-thai-mob,158.0,833.0,485.0,895.0,62.0,327.0
299,0,255d22983f0277734d8063562fad31b7,15.0,38.0,615.0,938.0,900.0,600.0
300,0,adunit-lionsgate-uwomt-user-slider-sensory-video-final-tune2-mob,152.0,465.0,518.0,652.0,187.0,366.0
301,0,adunit-van-cleef-and-arpels-frivole-wave-unit1-mob,0.0,0.0,491.0,26.0,26.0,491.0
302,0,adunit-the-botanist-gin-mpu,768.0,144.0,989.0,196.0,52.0,221.0
303,0,053e01474c777e16d2ac04c884685457,,,,,,
304,0,adunit-western-union-ralphs-sensory-engagement-v1-mob,,,,,,
305,0,52054fa91799a747b8ddf3f3118f40e9,0.0,0.0,600.0,500.0,500.0,600.0
306,0,26e54c41e45e7bd0899b90fdacf124fd,149.0,426.0,450.0,487.0,61.0,301.0
307,0,e17b6db0e4fb777ab569ef0a81b5000e,206.0,799.0,450.0,854.0,55.0,244.0
308,0,afacaf5b3063c23f8231cc01be74aa1d,166.0,815.0,466.0,879.0,64.0,300.0
309,0,adunit-windhoek-beer-year-end-2021-bio-v1-mob,,,,,,
310,0,269d061e1b507338d8b4c69676f9ffa1,444.0,576.0,620.0,624.0,48.0,176.0
311,0,286ce285a3a28445c972ba9d09090937,142.0,444.0,386.0,476.0,32.0,244.0
312,0,bb631902fce625cf0dc87d80c027c905,137.0,721.0,484.0,798.0,77.0,347.0
313,0,adunit-dtc-soccer-swipe-to-catch-mob,113.0,750.0,520.0,831.0,81.0,407.0
314,0,c9ec2d041cd03c489b2ee97c5f7ba400,166.0,815.0,466.0,879.0,64.0,300.0
315,0,ff88446626571f68e23c4b07063fd806,27.0,97.0,627.0,597.0,500.0,600.0
316,0,05fa49d47b280182d4684b9f3358ded4,,,,,,
317,0,d6c5dcb42c617e8d164dafb4d302ac0a,879.0,855.0,1113.0,905.0,50.0,234.0
318,0,406833de6c44d0a19ab9db1559828563,,,,,,
319,0,b2504a570b6274172b6bd9558118f772,348.0,795.0,582.0,845.0,50.0,234.0
320,0,88d9068b2d0ea2492b160a2e028d3429,594.0,331.0,828.0,381.0,50.0,234.0
321,0,adunit-lionsgate-moonfall-parallax-dec-get-tickets-v2-mob,,,,,,
322,0,ecc8e6a50a509f8b6a8ac7c3c1a450e7,348.0,795.0,582.0,845.0,50.0,234.0
323,0,adunit-mouser-user-choice-v2-cpe-av-canada-mob,53.0,9.0,547.0,103.0,94.0,494.0
324,0,adunit-nestle-maggi-varieties-bouillon-ar-uae-mpu,152.0,134.0,523.0,203.0,69.0,371.0
325,0,f520edea9b83c22a1c82412fcaf9f0a3,29.0,0.0,629.0,900.0,900.0,600.0
326,0,945010afbf9a55bbdffcb0895f946155,166.0,815.0,466.0,879.0,64.0,300.0
327,0,adunit-ihop-window4-reeses-mpu,77.0,221.0,316.0,269.0,48.0,239.0
328,0,3a3878c4fa9698438884f2288bdd1ea2,594.0,331.0,828.0,381.0,50.0,234.0
329,0,c486723bb2d768d24036054973b1cebc,166.0,815.0,466.0,879.0,64.0,300.0
330,0,adunit-lionsgate-uwomt-user-slider-sensory-video-final-tune4-mob,242.0,445.0,484.0,515.0,70.0,242.0
331,0,5cd2c1fa13b9cd4862f79304e5ca19cc,348.0,795.0,582.0,845.0,50.0,234.0
332,0,b50d6442906a8362508d2a97bb9ba01e,178.0,873.0,452.0,925.0,52.0,274.0
333,0,2443bd3b890824acecbe32659b9a1246,96.0,166.0,499.0,277.0,111.0,403.0
334,0,437ff18f66a2e2351c45582104ec8b65,348.0,795.0,582.0,845.0,50.0,234.0
335,0,d250af845914563dc5e28699c19da043,477.0,827.0,781.0,908.0,81.0,304.0
336,0,9b9f6e8145aad25f6548fb35775d7fb3,166.0,815.0,466.0,879.0,64.0,300.0
337,0,d93555b29bb180a19395c58cb97a5065,166.0,815.0,466.0,879.0,64.0,300.0
338,0,4b537aac6575e7528140fc388f1349ca,0.0,204.0,181.0,385.0,181.0,181.0
339,0,adunit-facebook-conversational-commerce-3-0-vn-unit2-v2-mob,144.0,404.0,331.0,461.0,57.0,187.0
340,0,23bd30ca17aae979afebc6f4e5f1fdd3,348.0,795.0,582.0,845.0,50.0,234.0
341,0,adunit-yamaha-user-slider-rotate-v3-mob,127.0,814.0,486.0,884.0,70.0,359.0
342,0,46a614be24dc2639baeb3a4887dfee2f,348.0,795.0,582.0,845.0,50.0,234.0
343,0,da2b42ad2deaf5a4f7f3604e0e5038e1,166.0,815.0,466.0,879.0,64.0,300.0
344,0,95a9add1872e1666a9e413e18a15142b,199.0,599.0,607.0,701.0,102.0,408.0
345,0,adunit-mouser-user-choice-flight4-uk-cpe-av-mpu,325.0,176.0,503.0,210.0,34.0,178.0
346,0,d63a7966d398d4dd0778d268d17fd2aa,166.0,815.0,466.0,879.0,64.0,300.0
347,0,adunit-lionsgate-moonfall-parallax-cta1-phase-spanish-mob,3.0,1.0,603.0,901.0,900.0,600.0
348,0,6e628eb5fafe4a43309363ef8e8efc12,328.0,97.0,586.0,155.0,58.0,258.0
349,0,45390f174ef85b574d3b81a0f5c1bab0,336.0,847.0,586.0,919.0,72.0,250.0
350,0,24400997671ee80961dfe1ef30072499,,,,,,
351,0,61dff450d1f6264618e7532f9e6c21dd,806.0,331.0,1040.0,381.0,50.0,234.0
352,0,ee8ae60b2e46e44da79fb7e59b07eae4,67.0,544.0,364.0,603.0,59.0,297.0
353,0,adunit-ihop-ihoppy-hour-mpu,508.0,280.0,1108.0,780.0,500.0,600.0
354,0,b8d87efae84799bd340ce653954a11b1,0.0,235.0,600.0,728.0,493.0,600.0
355,0,adunit-facebook-conversational-commerce-3-0-vn-unit2-mpu,903.0,135.0,1050.0,180.0,45.0,147.0
356,0,adunit-ggpoker-game-user-choice-mob,118.0,338.0,602.0,561.0,223.0,484.0
357,0,26a8b89687aab2fafd586a34fc86ed46,179.0,833.0,449.0,908.0,75.0,270.0
358,0,adunit-mouser-user-choice-v2-cpe-uk-mob,,,,,,
359,0,b68baf66405783b70a2141860cb15adc,166.0,815.0,466.0,879.0,64.0,300.0
360,0,adunit-yamaha-x2-x4-userchoice-cpe-mpu,286.0,643.0,558.0,713.0,70.0,272.0
361,0,7e0b86cf99bbb9152f0d510d36f84f40,348.0,795.0,582.0,845.0,50.0,234.0
362,0,adunit-lionsgate-spiral-new-puzzle-v2-mpu,553.0,842.0,752.0,902.0,60.0,199.0
363,0,adunit-dreamies-catfood-slider-mob,,,,,,
364,0,adunit-mouser-user-choice-v2-cpe-av-aus-nz-mpu,325.0,176.0,503.0,210.0,34.0,178.0
365,0,c47fa6c0b4462b654c222e2f4be62b3d,166.0,815.0,466.0,879.0,64.0,300.0
366,0,495fb61f38dd39cd7fba4bb81af6c8f5,166.0,815.0,466.0,879.0,64.0,300.0
367,0,adunit-mouser-user-choice-v3-canada-cpe-mpu,,,,,,
368,0,bab02408832fd896644462340d7bf479,166.0,815.0,466.0,879.0,64.0,300.0
369,0,adunit-playstation-spring-sale-snsory-plus-mob,,,,,,
370,0,adunit-engagement-plus-ihop-evergreen-olo-drag-right-mob,60.0,454.0,278.0,514.0,60.0,218.0
371,0,025bf4faf2102b1376bddee41dc7948e,374.0,848.0,645.0,925.0,77.0,271.0
372,0,5dea9aa4ca7a1f9a0d65d85ebece9522,73.0,5.0,284.0,66.0,61.0,211.0
373,0,09f35af0a30b37dce2f1a5ad7f143293,,,,,,
374,0,adunit-western-union-sensory-unit-swipe-right-v2-mpu,,,,,,
375,0,adunit-playstation-spring-sale-mob,395.0,7.0,618.0,78.0,71.0,223.0
376,0,adunit-j-j-e-commerce-v1-mob,0.0,190.0,470.0,248.0,58.0,470.0
377,0,adunit-mouser-user-choice-v2-cpe-av-uk-mob,53.0,9.0,547.0,103.0,94.0,494.0
378,0,2842f18b64fb7ac0661021da97de0def,124.0,694.0,394.0,774.0,80.0,270.0
379,0,84327cf26d2a91e2730ae7ddbfca6d59,106.0,783.0,524.0,853.0,70.0,418.0
380,0,5aa8f1a6f90157b937cac6e73006a2dc,13.0,430.0,343.0,490.0,60.0,330.0
381,0,adunit-facebook-conversational-commerce-3-0-th-unit1-v2-mob,106.0,372.0,293.0,429.0,57.0,187.0
382,0,adunit-hitmans-wifes-body-guard-user-choice-unit3-mob,,,,,,
383,0,6a9230f97e1bf95266390f0f94c774dd,,,,,,
384,0,adunit-lionsgate-spiral-new-puzzle-v2-mob,116.0,603.0,350.0,672.0,69.0,234.0
385,0,adunit-simple-feast-build-for-industry-survey-q3-mob,0.0,735.0,591.0,851.0,116.0,591.0
386,0,adunit-lionsgate-uwomt-sensory-plus-tune-4-mob,194.0,562.0,436.0,632.0,70.0,242.0
387,0,adunit-kitkat-golden-break-gamify-en-mob,160.0,600.0,471.0,696.0,96.0,311.0
388,0,adunit-windows3-2021-mpu,135.0,646.0,457.0,690.0,44.0,322.0
389,0,adunit-van-cleef-and-arpels-alhambra-and-frivole-q2-bio,,,,,,
390,0,be6513d80192c25426e5e8f24e6e4dea,14.0,276.0,314.0,340.0,64.0,300.0
391,0,42dd2154c1b6f67a461463cf322c9830,35.0,69.0,342.0,164.0,95.0,307.0
392,0,adunit-mouser-user-choice-v2-cpe-mpu,411.0,327.0,589.0,361.0,34.0,178.0
393,0,90455f5ace15860874965eabd081b6f2,4.0,4.0,177.0,57.0,53.0,173.0
394,0,d217e3878a25f52d495d0c3eea30211a,,,,,,
395,0,adunit-showtime-first-lady-sensory-plus-mob,,,,,,
396,0,adunit-lionsgate-spiral-new-puzzle-v3-mpu,205.0,284.0,404.0,344.0,60.0,199.0
397,0,06262da6542114aaea8a611540a0ee5d,,,,,,
398,0,83952985710c8e1646ac09269938e730,323.0,103.0,573.0,175.0,72.0,250.0
399,0,74fb31e6b022b403306f12d715053717,174.0,26.0,398.0,114.0,88.0,224.0
400,0,64df515c2e4b954d029301fbc14db84a,33.0,75.0,333.0,139.0,64.0,300.0
401,0,a1a3485dee81692a3ea64143aa51e90f,600.0,50.0,850.0,140.0,90.0,250.0
402,0,adunit-scotch-brite-gamification-thai-v2-mob,152.0,37.0,479.0,99.0,62.0,327.0
403,0,98db637879a2eee67d49dd05b4a92d83,348.0,795.0,582.0,845.0,50.0,234.0
404,0,3c741855acd9576b4e311d5cd990ae77,92.0,125.0,326.0,175.0,50.0,234.0
405,0,adunit-windhoek-beer-year-end-2021-bio-v2-mob,,,,,,
406,0,251daf76d78711e74c9b441f4bb62834,382.0,252.0,629.0,309.0,57.0,247.0
407,0,adunit-yamaha-x4-seonsory-plus-mpu,334.0,342.0,551.0,397.0,55.0,217.0
408,0,bf16a83492d04640042f674af85d2aac,219.0,276.0,469.0,348.0,72.0,250.0
409,0,596052151e9fd6031a05ed88473b7445,166.0,815.0,466.0,879.0,64.0,300.0
410,0,e437bb1946e346784d613ce6feba7203,166.0,815.0,466.0,879.0,64.0,300.0
411,0,adunit-j12-tw-mob,130.0,821.0,499.0,850.0,29.0,369.0
412,0,c176d5a3e27117bc90e3820434a024d9,797.0,317.0,988.0,373.0,56.0,191.0
413,0,adunit-jaguar-nameplate-refresh-v2-mfcc-mob,162.0,812.0,463.0,868.0,56.0,301.0
414,0,9afba90addb72bcdbab265b3492540e1,77.0,477.0,319.0,547.0,70.0,242.0
415,0,2a355ca0d306921e195591e5b2374b6a,448.0,285.0,709.0,337.0,52.0,261.0
416,0,21d4924d608d1258ea35a53b314660bc,344.0,210.0,566.0,268.0,58.0,222.0
417,0,adunit-lionsgate-moonfall-parallax-cta4-mob,0.0,0.0,600.0,900.0,900.0,600.0
418,0,adunit-milk-user-slide-v1-mob,0.0,0.0,141.0,45.0,45.0,141.0
419,0,adunit-nestle-purina-friskies-arabic-mob,,,,,,
420,0,5d8310907217d0f5385f765f133ad475,348.0,795.0,582.0,845.0,50.0,234.0
421,0,f701e15a157e1418704c2b18a13fb471,210.0,421.0,474.0,471.0,50.0,264.0
422,0,adunit-nutrella-barrilito-mob,187.0,756.0,447.0,830.0,74.0,260.0
423,0,adunit-yamaha-wolverine-user-choice-cpe-v2-mpu,,,,,,
424,0,4febb144783cbf0059748799ed8b4945,274.0,226.0,457.0,261.0,35.0,183.0
425,0,adunit-jaguar-nameplate-refresh-rc-mob,168.0,333.0,469.0,389.0,56.0,301.0
426,0,adunit-playstation-spring-sale-snsory-plus-mpu,390.0,276.0,594.0,342.0,66.0,204.0
427,0,adunit-van-cleef-and-arpels-frivole-wave-unit2-mob,,,,,,
428,0,6649faf7aaae3caa5ac3de30b5ac4829,348.0,795.0,582.0,845.0,50.0,234.0
429,0,adunit-western-union-ralphs-sensory-eng-mpu,,,,,,
430,0,adunit-christian-dior-popup-store-mob,,,,,,
431,0,adunit-mouser-user-choice-cpe-aus-nz-mpu,144.0,606.0,322.0,640.0,34.0,178.0
432,0,06615e719bb053415093a4572a1f1d31,,,,,,
433,0,adunit-facebook-conversational-commerce-3-0-th-bio1-mob,,,,,,
434,0,3e46da2a3160460b9be21da8ea0ce68e,330.0,823.0,582.0,874.0,51.0,252.0
435,0,adunit-milk-user-slide-v1-mpu,0.0,0.0,125.0,40.0,40.0,125.0
436,0,7fdd8606604b4ab61563a88384188011,33.0,75.0,333.0,139.0,64.0,300.0
437,0,adunit-engagement-plus-ihop-evergreen-olo-drag-left-mob,,,,,,
438,0,adunit-mouser-user-choice-v3-canada-cpe-av-mpu,325.0,176.0,503.0,210.0,34.0,178.0
439,0,5a48ffcbf611f167ecbb884e807f31f6,806.0,331.0,1040.0,381.0,50.0,234.0
440,0,adunit-facebook-conversational-commerce-3-0-vn-unit1-mpu,3.0,163.0,150.0,208.0,45.0,147.0
441,0,80399f92f8970d3bc8b26af690768c15,348.0,795.0,582.0,845.0,50.0,234.0
442,0,adunit-yamaha-x2-x4-userchoice-cpe-av-mob,154.0,479.0,426.0,549.0,70.0,272.0
443,0,adunit-tiger-crystel-beer-inner-fire-bio-mob,,,,,,
444,0,3a78fb0ee7c6e7fa0101fe1d6f49de29,423.0,748.0,645.0,805.0,57.0,222.0
445,0,eab4ad84efa8e1c830ff47d6e8ad4379,166.0,815.0,466.0,879.0,64.0,300.0
446,0,adunit-yamaha-rmax4-1000-le-sensory-plus-video-mpu,,,,,,
447,0,dba3929fad20b7650861f74a9414c043,186.0,739.0,445.0,807.0,68.0,259.0
448,0,adunit-lionsgate-spiral-new-2-puzzle-v3-mob,116.0,603.0,350.0,672.0,69.0,234.0
449,0,3bf22f2c7f71986b690dc922cb0bee1f,4.0,413.0,370.0,486.0,73.0,366.0
450,0,adunit-hitmans-wifes-body-guard-user-choice-v1-mob,203.0,39.0,619.0,115.0,76.0,416.0
451,0,427bf316b866d8b20a30866426c66e09,161.0,6.0,407.0,83.0,77.0,246.0
452,0,adunit-western-union-sensory-unit-swipe-up-v2-mob,,,,,,
453,0,d706afba427123c30ffafb88d5486e03,,,,,,
454,0,adunit-chanel-j12-2022-slider-cta2-en-fs,15.0,418.0,615.0,489.0,71.0,600.0
455,0,adunit-j-and-j-e-commerce-v1-mob,,,,,,
456,0,c3ef76ea758ea5442c9540463c5d37f3,,,,,,
457,0,dd43631ca1bf97d6c4966780b1f13a87,82.0,453.0,324.0,523.0,70.0,242.0
458,0,4342ea931e3e9ae5c51aed541a61465d,,,,,,
459,0,adunit-mouser-user-choice-v3-aus-cpe-mob,370.0,83.0,864.0,177.0,94.0,494.0
460,0,de74397f972d47d2c078b44807974532,,,,,,
461,0,22c8ca74c84370214de628417aff20d6,30.0,71.0,560.0,135.0,64.0,530.0
462,0,adunit-hitmans-wifes-body-guard-user-choice-unit2-mpu,,,,,,
463,0,adunit-windhoek-beer-year-end-2021-bio-v3-mob,,,,,,
464,0,c706a9ad6b0c2ee9295fe40dfa5b0615,414.0,737.0,728.0,795.0,58.0,314.0
465,0,adunit-ihop-ihoppy-hour-save-dollar-5-mpu,201.0,477.0,395.0,518.0,41.0,194.0
466,0,75e9bf718c93754ae33314a92db613dd,187.0,93.0,431.0,148.0,55.0,244.0
467,0,c823124ca76c00a9d3b79380e5bdfd29,656.0,216.0,847.0,258.0,42.0,191.0
468,0,adunit-j&j-listerine-tonic3-exxon-fs,,,,,,
469,0,3c23316180b7da3e712c0596fa01ff74,168.0,93.0,660.0,114.0,21.0,492.0
470,0,fac33ac29ac616dfa0053558c1a3c03c,166.0,815.0,466.0,879.0,64.0,300.0
471,0,adunit-mouser-user-choice-flight4-canada-cpe-mpu,325.0,176.0,503.0,210.0,34.0,178.0
472,0,adunit-yamaha-user-slider-rotate-v2-mpu,191.0,106.0,425.0,151.0,45.0,234.0
473,0,f43220f51d51bba30046e637600bd773,409.0,748.0,723.0,806.0,58.0,314.0
474,0,3e9add27f21781f8a3c227f5b9a1da31,0.0,651.0,600.0,706.0,55.0,600.0
475,0,adunit-hitmans-wifes-body-guard-user-choice-mpu,273.0,0.0,583.0,49.0,49.0,310.0
476,0,d982317438736aac9cb37b3e66a2f555,93.0,321.0,412.0,451.0,130.0,319.0
477,0,94bc1e8d137186644fa3baa53185a331,177.0,887.0,441.0,937.0,50.0,264.0
478,0,e656e46e3a4dc66fc0baa433c94bfd1a,166.0,815.0,466.0,879.0,64.0,300.0
479,0,adunit-hitmans-wifes-body-guard-user-choice-unit2-mob,,,,,,
480,0,255bb50bf3493e1a85c9289c52610e31,372.0,409.0,594.0,467.0,58.0,222.0
481,0,adunit-cartier-panthere-2021-fy22-mob,0.0,0.0,173.0,23.0,23.0,173.0
482,0,e1ebbff8accc9d16ea82e3b8a6636d70,213.0,860.0,411.0,919.0,59.0,198.0
483,0,75ada73f9b02a1f6e04f1bf69d5bd007,186.0,634.0,528.0,711.0,77.0,342.0
484,0,adunit-mouser-user-choice-flight4-uk-cpe-mob,53.0,9.0,547.0,103.0,94.0,494.0
485,0,050fd94fd028e2b766dcbfa5a9586d2c,0.0,0.0,346.0,111.0,111.0,346.0
486,0,99558df7a3e64e9b15c34c20f44f038a,317.0,813.0,571.0,888.0,75.0,254.0
487,0,adunit-vodacom-ciot-curve-mob,885.0,200.0,1053.0,258.0,58.0,168.0
488,0,adunit-mouser-user-choice-v3-uk-cpe-av-mob,370.0,83.0,864.0,177.0,94.0,494.0
489,0,adunit-hennessy-vsop-refik-anadol-mpu,235.0,827.0,632.0,876.0,49.0,397.0
490,0,6a3dbf08b82e45b3f3e79844f3a9aa18,,,,,,
491,0,adunit-mouser-user-choice-v2-cpe-canada-mpu,411.0,327.0,589.0,361.0,34.0,178.0
492,0,624c1fc48eda8c49a470567317891825,33.0,75.0,333.0,139.0,64.0,300.0
493,0,62dca5e1826d627612856c463e98026f,,,,,,
494,0,adunit-yamaha-wolverine-user-choice-cpe-reuse-mob,104.0,191.0,376.0,261.0,70.0,272.0
495,0,adunit-mouser-user-choice-v3-aus-cpe-av-mob,7.0,136.0,501.0,230.0,94.0,494.0
496,0,adunit-mouser-user-choice-cpe-av-uk-mpu,,,,,,
497,0,adunit-van-cleef-and-arpels-frivole-wave-unit2-tap-version-mob,,,,,,
498,0,3a63ee9cd0c128a7e97a7620a82b3678,13.0,277.0,313.0,341.0,64.0,300.0
499,0,adunit-western-union-sensory-unit-swipe-right-tap-mpu,,,,,,
500,0,e6e771ae6f00d0f2ada4d2280cfd7740,50.0,125.0,284.0,175.0,50.0,234.0
501,0,adunit-showtime-dexter-sensory-plus-video-canvas-post-mpu,289.0,312.0,524.0,361.0,49.0,235.0
502,0,ba62e65857faee399998f5d4dad7feaf,60.0,125.0,294.0,175.0,50.0,234.0
503,0,cd586b24025b1349b9b79d2c944e3f18,166.0,815.0,466.0,879.0,64.0,300.0
504,0,b58ae8eb1017e252ce37c29226411489,,,,,,
505,0,eb31bf1739ffa01b1d458fe2c610230a,38.0,544.0,402.0,620.0,76.0,364.0
506,0,9751f5044f0e9ef8e21661bf28c3d88f,,,,,,
507,0,adunit-zee-punjabi-antakshari-in-mpu,89.0,276.0,386.0,332.0,56.0,297.0
508,0,adunit-mouser-user-choice-flight4-aus-nz-cpe-mob,114.0,359.0,608.0,453.0,94.0,494.0
509,0,adunit-heineken-sa-celebrations-bio-v1-mob,,,,,,
510,0,adunit-mouser-user-choice-flight4-canada-cpe-av-mob,,,,,,
511,0,adunit-doritos-niknaks-v1-mob,,,,,,
512,0,adunit-ggpoker-spin-and-gold-sensory-v1-mob,,,,,,
513,0,adunit-mouser-user-choice-v3-cpe-us-mpu,259.0,326.0,437.0,360.0,34.0,178.0
514,0,adunit-heineken-sa-celebrations-bio-v2-mob,,,,,,
515,0,c01e7ce76419925187c593ba3ecb9f46,0.0,0.0,600.0,900.0,900.0,600.0
516,0,a19b99c57ec298782b9fbcdde83b9734,166.0,815.0,466.0,879.0,64.0,300.0
517,0,ff72b5f704ef2a8fa05e5a7b350a1e8e,166.0,815.0,466.0,879.0,64.0,300.0
518,0,097b04b65ad1608a869f2fb08909a612,97.0,479.0,629.0,649.0,170.0,532.0
519,0,2b7e702f208b7fd60d15d0bdadd269f4,,,,,,
520,0,adunit-nestle-maggi-varieties-bouillon-en-uae-mob,226.0,778.0,671.0,857.0,79.0,445.0
521,0,adunit-facebook-conversational-commerce-3-0-vn-bio1-mob,,,,,,
522,0,404c5d32b088d0869fd7774ce7582f89,564.0,624.0,815.0,674.0,50.0,251.0
523,0,adunit-chevy-user-slider-seat-interior-v1-cpe-av-mpu,,,,,,
524,0,adunit-mouser-user-choice-flight4-us-cpe-mob,113.0,136.0,607.0,230.0,94.0,494.0
525,0,adunit-chanel-j12-singapore-exxon-mob,,,,,,
526,0,f6c6774bb267182cf248fd64a5b25b59,74.0,32.0,438.0,108.0,76.0,364.0
527,0,adunit-mouser-user-choice-v3-aus-nz-cpe-av-mob,370.0,83.0,864.0,177.0,94.0,494.0
528,0,2a6bbf47edb9f1cb3a722784c5e73e83,185.0,125.0,441.0,184.0,59.0,256.0
529,0,24f58a2b0bfefefd5ccc43bf1f664685,,,,,,
530,0,8b6e13cab4903dffde5588ea2ab0c2a2,892.0,331.0,1126.0,381.0,50.0,234.0
531,0,8f5834e2093bee23d3b01f8d05265765,171.0,0.0,349.0,43.0,43.0,178.0
532,0,27b8aecd5c4b58ddcfc56270e9944d81,348.0,795.0,582.0,845.0,50.0,234.0
533,0,adunit-nestle-maggi-varieties-bouillon-en-ksa-mpu,6.0,378.0,377.0,447.0,69.0,371.0
534,0,adunit-femsa-coca-cola-new-sugar-free-mpu,,,,,,
535,0,fe1cc47f2e46f29607046541f8418275,92.0,125.0,326.0,175.0,50.0,234.0
536,0,248ad697696f5e5ef82b968bfe5480ba,316.0,759.0,629.0,829.0,70.0,313.0
537,0,d53d09dbd8f7aad4bfab4acb84aa323a,166.0,815.0,466.0,879.0,64.0,300.0
538,0,82c919a29087bad5dbedb9b64247e6d6,134.0,819.0,493.0,889.0,70.0,359.0
539,0,adunit-mouser-user-choice-v2-cpe-aus-nz-mpu,411.0,327.0,589.0,361.0,34.0,178.0
540,0,d3a2aee36af8bf076d1111a6115be31b,348.0,795.0,582.0,845.0,50.0,234.0
541,0,cd5de313101387fd9191cb03ef431ec9,166.0,815.0,466.0,879.0,64.0,300.0
542,0,f6525e69f4bbebe1b522d463080006ce,,,,,,
543,0,adunit-scotch-brite-scrub-dots-sponge-tap-mob,11.0,250.0,338.0,312.0,62.0,327.0
544,0,76fe8ed6d5462ff2cc0ee750d2221a52,27.0,199.0,443.0,275.0,76.0,416.0
545,0,4ad96fa279384268e72374aaacb78caf,166.0,815.0,466.0,879.0,64.0,300.0
546,0,fb755cbcc0e9b7069382745e6841f2ba,13.0,264.0,308.0,354.0,90.0,295.0
547,0,c21bfafc138cf023080098b0f7a439d0,106.0,731.0,468.0,797.0,66.0,362.0
548,0,adunit-doritos-niknaks-mob,,,,,,
549,0,85d3838428307a4c8b16712bdc15330e,23.0,276.0,323.0,340.0,64.0,300.0
550,0,73adaebd0fbf7778d06d9d711ba5c152,530.0,146.0,713.0,181.0,35.0,183.0
551,0,b3fd525be390ec4cbebdcbd225362f12,0.0,0.0,600.0,500.0,500.0,600.0
552,0,fbdd6f2bc08bfb43725cd6b4c52907ea,348.0,795.0,582.0,845.0,50.0,234.0
553,0,b58595e2670fde268a1c6dc7b9fc8ba3,273.0,267.0,431.0,310.0,43.0,158.0
554,0,753b879a06a0f89feaa3928f37d4c6fe,,,,,,
555,0,4e3305a488faf871189cce9831a6c863,0.0,818.0,600.0,900.0,82.0,600.0
556,0,adunit-lionsgate-spiral-new-2-puzzle-v4-mpu,205.0,284.0,404.0,344.0,60.0,199.0
557,0,bd312b97d9d646bcd3263809be428f5e,143.0,709.0,490.0,786.0,77.0,347.0
558,0,0736dda52dd3ef12dc4f82fb51b1becd,831.0,106.0,1108.0,177.0,71.0,277.0
559,0,adunit-simple-feast-build-for-industry-survey-q4-mob,2.0,269.0,593.0,385.0,116.0,591.0
560,0,adunit-chanel-j12-tw-black-en-2022-v1-mpu,,,,,,
561,0,adunit-yamaha-sensory-plus-video-mpu,,,,,,
562,0,hills-bio-mob,,,,,,
563,0,adunit-ge-biofuel-userchoice-mpu,589.0,161.0,804.0,221.0,60.0,215.0
564,0,d37f1a5e7d90e81756244e1bff3141bc,110.0,337.0,316.0,397.0,60.0,206.0
565,0,adunit-mouser-user-choice-cpe-av-canada-mob,53.0,9.0,547.0,103.0,94.0,494.0
566,0,adunit-lionsgate-uwomt-user-slider-sensory-video-final-tune3-mob,86.0,458.0,328.0,528.0,70.0,242.0
567,0,42b246e4d3bf68de81ab0262a2f05691,13.0,97.0,247.0,147.0,50.0,234.0
568,0,adunit-mouser-user-choice-v3-canada-cpe-mob,,,,,,
569,0,3d8be6f0a1e1c248a02befc0dd3f6bec,88.0,211.0,454.0,284.0,73.0,366.0
570,0,5c6befcf9b28fadcedb2430c0800f433,,,,,,
571,0,adunit-showtime-first-lady-sensory-plus-mpu,,,,,,
572,0,adunit-lexus-video-carousel-cpe-mob,,,,,,
573,0,29df3928b70391dec741b20782beeefc,532.0,753.0,1132.0,802.0,49.0,600.0
574,0,ca1d489a0c1849845cb7144e51b0a7a1,173.0,251.0,375.0,312.0,61.0,202.0
575,0,adunit-cartier-panthere-2021-fy22-mpu,,,,,,
576,0,b42473e8fdb0b3d6ea798f4118ef23aa,167.0,114.0,329.0,159.0,45.0,162.0
577,0,adunit-lexus-video-carousel-mob,0.0,0.0,244.0,55.0,55.0,244.0
578,0,07f3a0ee847117a81ff9183befca007a,,,,,,
579,0,db69df88f5a7b1540d4ff829bffb97f9,,,,,,
580,0,06c1d5086fb91fd2e62f4c5e29e2759c,166.0,815.0,466.0,879.0,64.0,300.0
581,0,783719d2b23ee967711abba9de4e7884,114.0,331.0,348.0,381.0,50.0,234.0
582,0,c94556717fc1d3783d27f51ae1b5350e,,,,,,
583,0,adunit-chevy-600-1200-hotspot-explorer-cpe-mob,,,,,,
584,0,3f08e75ebd9b0ca68ffd298893647a13,54.0,232.0,286.0,286.0,54.0,232.0
585,0,9a09184e03a21be85b165f66d6d1c121,134.0,765.0,498.0,841.0,76.0,364.0
586,0,c5d9fdf57215e5dbec5cc42419090749,177.0,831.0,441.0,881.0,50.0,264.0
587,0,adunit-livspace-before-after-in-mpu,92.0,62.0,429.0,130.0,68.0,337.0
588,0,adunit-mouser-user-choice-v3-aus-nz-cpe-av-mpu,259.0,326.0,437.0,360.0,34.0,178.0
589,0,7110d440d9d424eec0ddb5f114058c06,132.0,125.0,366.0,175.0,50.0,234.0
590,0,265680a6c85f2381bb49965579b0fd89,344.0,391.0,600.0,450.0,59.0,256.0
591,0,adunit-showtime-dexture-post-mob,206.0,553.0,563.0,624.0,71.0,357.0
592,0,adunit-facebook-conversational-commerce-3-0-th-unit2-mpu,,,,,,
593,0,28b455751eabbf79d899fc9a4c6f151e,652.0,661.0,843.0,703.0,42.0,191.0
594,0,adunit-yamaha-x4-seonsory-plus-mob,,,,,,
595,0,b4d26946d68754d77027cc419d36892f,157.0,783.0,478.0,853.0,70.0,321.0
596,0,6d72ce3e20781f20fb420b30d3dd8b0e,70.0,276.0,370.0,340.0,64.0,300.0
597,0,4247849793e2e0d3082ee5151a7e9416,36.0,346.0,274.0,413.0,67.0,238.0
598,0,26891312da99dd6e651fd179d1ff0faf,29.0,10.0,629.0,910.0,900.0,600.0
599,0,adunit-volks-wagen-2021-new-polo-v2-v3-mpu,,,,,,
600,0,016534141ab870fdbf1b9c163955924d,14.0,276.0,314.0,340.0,64.0,300.0
601,0,adunit-scotch-brite-gamification-thai-mpu,14.0,97.0,227.0,138.0,41.0,213.0
602,0,adunit-ihop-ihoppy-hour-20-percent-off-mpu,531.0,605.0,729.0,652.0,47.0,198.0
603,0,adunit-engagement-plus-ihop-evergreen-olo-drag-left-mpu,65.0,280.0,278.0,339.0,59.0,213.0
604,0,adunit-yamaha-sensory-plus-video-mob,,,,,,
605,0,adunit-yamaha-rmax2-1000-le-sensory-plus-video-mpu,,,,,,
606,0,adunit-mouser-user-choice-v2-cpe-av-mpu,325.0,176.0,503.0,210.0,34.0,178.0
607,0,39825c2c74eae1fd9c73da842617d2da,153.0,216.0,413.0,277.0,61.0,260.0
608,0,3f749b8fd9e49bca68b5fdc0ca391cd8,,,,,,
609,0,adunit-femsa-coca-cola-christmas-village-v3-mpu,,,,,,
610,0,cd8d3632d222fd9e87e32c9d0ecafdea,,,,,,
611,0,adunit-facebook-conversational-commerce-3-0-th-unit1-mpu,904.0,136.0,1051.0,181.0,45.0,147.0
612,0,6939c3f395fc2317da25fa5b19580c68,166.0,815.0,466.0,879.0,64.0,300.0
613,0,f4fc8ed9cf50e6f77bb14054b88ee2cd,166.0,815.0,466.0,879.0,64.0,300.0
614,0,40735b62ef7f9da459b39d173ee56ac3,178.0,830.0,448.0,890.0,60.0,270.0
615,0,adunit-yamaha-wolverine-user-choice-av-reuse-mpu,,,,,,
616,0,96510a48f1e13c601687e80f5d60670b,194.0,728.0,433.0,788.0,60.0,239.0
617,0,adunit-yamaha-wolverine-user-choice-cpe-mpu,,,,,,
618,0,adunit-chevy-tap-and-hold-mpu,,,,,,
619,0,adunit-lionsgate-moonfall-parallax-cta5-mpu,78.0,162.0,678.0,662.0,500.0,600.0
620,0,b34d551e23ad7ce5a494453bcc409ccc,166.0,815.0,466.0,879.0,64.0,300.0
621,0,fe116dea417bfe1b97e0b2dcf846c25d,33.0,75.0,333.0,139.0,64.0,300.0
622,0,c154ec796ae46371d8bc35744ee47b0e,0.0,0.0,600.0,900.0,900.0,600.0
623,0,045a67d8bbba2805d2e421bc5b83d775,937.0,874.0,1117.0,922.0,48.0,180.0
624,0,adunit-mouser-user-choice-cpe-uk-mpu,582.0,85.0,760.0,119.0,34.0,178.0
625,0,4b31e9f5af8d0a4bf2c565ffa8a43800,237.0,825.0,600.0,900.0,75.0,363.0
626,0,00dfe88c4d3fb60793765d314bf24b7c,90.0,750.0,324.0,816.0,66.0,234.0
627,0,958fb9e4304628629f9848dee96ad338,184.0,547.0,498.0,605.0,58.0,314.0
628,0,adunit-mouser-user-choice-flight4-us-cpe-mpu,325.0,176.0,503.0,210.0,34.0,178.0
629,0,adunit-lionsgate-spiral-puzzle-mob,120.0,640.0,354.0,709.0,69.0,234.0
630,0,40a448ee93f85a6f94825b7afc1337b0,80.0,331.0,314.0,381.0,50.0,234.0
631,0,adunit-doritos-niknaks-mpu,,,,,,
632,0,92ecf0b80b7483c89eb72a551484970a,33.0,75.0,333.0,139.0,64.0,300.0
633,0,0814384db6d5dac4b55e781d99eeb4cb,166.0,815.0,466.0,879.0,64.0,300.0
634,0,3c5828449ad87b05b5dedf0b4787242a,166.0,815.0,466.0,879.0,64.0,300.0
635,0,adunit-hitmans-wifes-body-guard-user-choice-unit3-mpu,5.0,81.0,605.0,581.0,500.0,600.0
636,0,65d2519c16266cf9a3b1a8a3d2d82c99,82.0,248.0,337.0,354.0,106.0,255.0
637,0,995eb7a981794358eaa84a46cde6c288,229.0,704.0,517.0,768.0,64.0,288.0
638,0,adunit-chanel-j12-tw-white-en-2022-v1-mpu,,,,,,
639,0,eabf360c935e08b24f30c61519033f93,166.0,815.0,466.0,879.0,64.0,300.0
640,0,adunit-nestle-maggi-varieties-bouillon-ar-kwt-mob,187.0,457.0,632.0,536.0,79.0,445.0
641,0,7fc571f85358c5d37efafde99b6896d7,594.0,331.0,828.0,381.0,50.0,234.0
642,0,3c99774ddf5babcf91ae21f76e9f4508,249.0,176.0,849.0,676.0,500.0,600.0
643,0,e334f7ef4caacc9552993029ad56a52b,166.0,815.0,466.0,879.0,64.0,300.0
644,0,877843b799b1b074584fc22f9157f447,186.0,270.0,450.0,320.0,50.0,264.0
645,0,002dbbd85ef3fe6a2e7d0754fb9f9a1a,6.0,0.0,385.0,73.0,73.0,379.0
646,0,f5f846befe806be6021ff34f9fd60547,188.0,391.0,788.0,891.0,500.0,600.0
647,0,4264eae0ad6e1cbcea3d73d88becb787,145.0,782.0,489.0,841.0,59.0,344.0
648,0,adunit-nestle-maggi-varieties-bouillon-ar-ksa-v1-mpu,169.0,174.0,540.0,243.0,69.0,371.0
649,0,adunit-scotch-brite-scrub-dots-sponge-swipe-mob,11.0,250.0,338.0,312.0,62.0,327.0
650,0,adunit-jaguar-nameplate-refresh-f-type-back-mob,794.0,296.0,1095.0,352.0,56.0,301.0
651,0,d9211cc52590fe62718030dbc1a9389a,530.0,146.0,713.0,181.0,35.0,183.0
652,0,7b5d17800096a3e27a5732fd7322fc37,451.0,830.0,675.0,884.0,54.0,224.0
653,0,adunit-western-union-sensory-unit-swipe-up-tap-mob,,,,,,
654,0,77af46ea55c251a18213104bd760d1d2,427.0,833.0,618.0,889.0,56.0,191.0
655,0,adunit-mouser-user-choice-flight4-aus-nz-cpe-av-mob,114.0,359.0,608.0,453.0,94.0,494.0
656,0,0692cec4544cb0287225a7bccebc916b,136.0,407.0,422.0,490.0,83.0,286.0
657,0,fae4bab75ff19f1246fb814deb4efd94,14.0,276.0,314.0,340.0,64.0,300.0
658,0,adunit-nestle-maggi-varieties-bouillon-ar-uae-v1-mpu,2.0,375.0,373.0,444.0,69.0,371.0
659,0,727b84106211a421a6d6925655a4ff17,66.0,125.0,300.0,175.0,50.0,234.0
660,0,c4b651056516bc245b6b0dd78c2b192c,178.0,831.0,442.0,881.0,50.0,264.0
661,0,adunit-mouser-user-choice-cpe-av-uk-mob,,,,,,
662,0,3dfba0efa433d3f1f248b373edc2b176,427.0,11.0,677.0,83.0,72.0,250.0
663,0,3f435a895024e81fd5126354c7972b0f,249.0,320.0,570.0,390.0,70.0,321.0
664,0,3d18cfe28f2fbadff32db07a2132e12c,57.0,544.0,443.0,609.0,65.0,386.0
665,0,adunit-ihop-ihoppy-hour-20-percent-off-mob,285.0,833.0,600.0,900.0,67.0,315.0
666,0,c7ecd71b4632aea2ffca69a1d079b290,67.0,544.0,364.0,603.0,59.0,297.0
667,0,adunit-western-union-bio-mob,,,,,,
668,0,adunit-chevy-user-slider-seat-interior-cpe-av-mob,195.0,81.0,477.0,131.0,50.0,282.0
669,0,cc60737a3e2f6b713484916327764a5f,194.0,828.0,438.0,886.0,58.0,244.0
670,0,d485045274821654173302dc5c7783c9,,,,,,
671,0,39872cc99f017cc22001ee9498584e13,,,,,,
672,0,9278a3d31c76eaa929d2326e1b2062e1,16.0,873.0,225.0,909.0,36.0,209.0
673,0,adunit-van-cleef-and-arpels-frivole-wave-unit2-tap-version-mpu,,,,,,
674,0,5b4d2cc82bf11b1fa80b366fdd7a5867,134.0,816.0,497.0,891.0,75.0,363.0
675,0,9e2b17d1c9addd70a9da0c72dfec0e3c,13.0,97.0,247.0,147.0,50.0,234.0
676,0,4008b0311b08183a8e6d7d6d01cea464,,,,,,
677,0,adunit-mouser-user-choice-v3-us-cpe-mob,370.0,83.0,864.0,177.0,94.0,494.0
678,0,3ec1bd3422d0512c1fa1c06b7277df65,166.0,815.0,466.0,879.0,64.0,300.0
679,0,adunit-nestle-maggi-varieties-bouillon-ar-uae-mob,32.0,438.0,477.0,517.0,79.0,445.0
680,0,adunit-mouser-user-choice-flight4-aus-nz-cpe-av-mpu,205.0,193.0,383.0,227.0,34.0,178.0
681,0,c38c56f98c1db74d1f613ec31d8bcf75,,,,,,
682,0,8a1a2fa030200a7087619144f042c2da,269.0,97.0,503.0,147.0,50.0,234.0
683,0,adunit-mouser-user-choice-cpe-us-mpu,582.0,85.0,760.0,119.0,34.0,178.0
684,0,4b21d71efe295df873a1d907932dae72,15.0,41.0,615.0,941.0,900.0,600.0
685,0,4e232e906e1e6a2b6cd8eedc467905f2,170.0,819.0,466.0,884.0,65.0,296.0
686,0,06162b54235c76bfc73c297dd000614a,,,,,,
687,0,08b7a12a72fb5100b27197c39bab1b70,637.0,352.0,999.0,398.0,46.0,362.0
688,0,8fa19496d906812e1f44a983d347ee63,409.0,748.0,723.0,806.0,58.0,314.0
689,0,4b17a1c22c7a81c721608629b84b8b80,215.0,125.0,449.0,175.0,50.0,234.0
690,0,adunit-scotch-brite-gamification-mpu,457.0,79.0,670.0,120.0,41.0,213.0
691,0,b68a3a78534ac964f4eddfb8d767bbe0,530.0,146.0,713.0,181.0,35.0,183.0
692,0,adunit-ihop-windows3-2021-mob,,,,,,
693,0,adunit-mouser-user-choice-cpe-av-aus-nz-mob,552.0,206.0,1046.0,300.0,94.0,494.0
694,0,6ae22e38b45ebb28b3202d7cf8515ce4,173.0,125.0,407.0,175.0,50.0,234.0
695,0,090f9075627a9543f171041a644d8af9,,,,,,
696,0,79e5acae0b9e9789b90f0b362f449eb1,314.0,490.0,575.0,539.0,49.0,261.0
697,0,adunit-lionsgate-americanunderdog-bio-mob,,,,,,
698,0,adunit-femsa-coca-cola-new-sugar-free-mob,,,,,,
699,0,adunit-j12-singapore-mpu,,,,,,
700,0,08fc9a9f04de967fe87c5061c32d3b84,,,,,,
701,0,d1e28a38a4e871527e62543540d0e7a7,506.0,781.0,712.0,821.0,40.0,206.0
702,0,9e3c7a3de86bb8857dd3f822bc951a59,33.0,75.0,333.0,139.0,64.0,300.0
703,0,adunit-jaguar-nameplate-refresh-f-type-mpu,610.0,43.0,881.0,94.0,51.0,271.0
704,0,adunit-ggpoker-spin-and-gold-sensory-v1-mpu,404.0,86.0,797.0,280.0,194.0,393.0
705,0,adunit-heineken-celebrations2-za-mob,234.0,646.0,577.0,734.0,88.0,343.0
706,0,07f93a53c25007301d276ec20e7be491,134.0,827.0,500.0,900.0,73.0,366.0
707,0,adunit-kitkat-golden-break-gamify-arabic-mob,29.0,298.0,340.0,390.0,92.0,311.0
708,0,459a8be7fbd64cc4719d79b6054de037,33.0,75.0,333.0,139.0,64.0,300.0
709,0,adunit-mouser-user-choice-cpe-uk-mob,53.0,9.0,547.0,103.0,94.0,494.0
710,0,db4c6d9a38437a0b76bb047ca37519d4,,,,,,
711,0,2681e9a5eb126e75959f33a477964544,,,,,,
712,0,adunit-lionsgate-uwomt-sensory-plus-tune-2-mob,65.0,404.0,307.0,474.0,70.0,242.0
713,0,f722cbe03a320f89c6abdfd3fe796047,348.0,795.0,582.0,845.0,50.0,234.0
714,0,adunit-jaguar-nameplate-refresh-mfcc-mpu,,,,,,
715,0,adunit-chevy-tap-final-mpu,,,,,,
716,0,3c8eed5eead83f9798db8c24578d7a19,166.0,815.0,466.0,879.0,64.0,300.0
717,0,bdc1911c958ee9f1d54097420bc0088d,13.0,246.0,313.0,310.0,64.0,300.0
718,0,adunit-chevy-panoramic-hotspot-explorer-cpe-av-mob,,,,,,
719,0,b16e25c480f043e4be7d8e011bfa5e95,,,,,,
720,0,95585c17779c722e67067c189cf15d63,348.0,795.0,582.0,845.0,50.0,234.0
721,0,b500b45f2e556f55a488bc21c045877f,,,,,,
722,0,adunit-lionsgate-spiral-puzzle-v2-mob,116.0,603.0,350.0,672.0,69.0,234.0
723,0,adunit-lionsgate-moonfall-parallax-cta2-phase-spanish-mob,0.0,0.0,600.0,900.0,900.0,600.0
724,0,6c200017bb5cb921e59f6a6c09491ad5,0.0,176.0,257.0,235.0,59.0,257.0
725,0,adunit-simba-save-the-flavour-mob,5.0,283.0,263.0,353.0,70.0,258.0
726,0,9d0bbd449e1c907e9f554bb9df1c4a10,157.0,794.0,478.0,864.0,70.0,321.0
727,0,adunit-mouser-user-choice-v2-cpe-uk-mpu,325.0,176.0,503.0,210.0,34.0,178.0
728,0,43a29939d9ac51d99f5e3b4822914efe,0.0,0.0,600.0,500.0,500.0,600.0
729,0,adunit-lionsgate-spiral-new-2-puzzle-v3-mpu,303.0,47.0,502.0,107.0,60.0,199.0
730,0,28a291ca9f966fdc0e1bc917c019aced,166.0,815.0,466.0,879.0,64.0,300.0
731,0,adunit-samsung-r9-launch-mob,188.0,766.0,441.0,835.0,69.0,253.0
732,0,73bfd5e041e99938ca1ef8b1e2355e02,0.0,0.0,600.0,900.0,900.0,600.0
733,0,c9790ca6d49dfc3f245db91d3b62c56d,766.0,145.0,1062.0,210.0,65.0,296.0
734,0,5c58461a764afd15c527c9c8b3a054b2,66.0,125.0,300.0,175.0,50.0,234.0
735,0,adunit-chevy-hotspot-cpe-av-mpu,,,,,,
736,0,3ae630f06b5d395a7a0db157c2430093,33.0,75.0,333.0,139.0,64.0,300.0
737,0,6c9f892bee893be71087c8300010d9a8,46.0,125.0,280.0,175.0,50.0,234.0
738,0,b768aedc20d9c135b355b7cd8e8beff3,382.0,860.0,580.0,903.0,43.0,198.0
739,0,adunit-nestle-purina-friskies-mob,201.0,774.0,428.0,853.0,79.0,227.0
740,0,adunit-gme-user-choice-mpu,506.0,423.0,656.0,456.0,33.0,150.0
741,0,3bc12d2bdea947d4502e885b6d9aa442,327.0,466.0,552.0,525.0,59.0,225.0
742,0,adunit-lionsgate-uwomt-bio-mob,,,,,,
743,0,c741653e8c326e65480df0732efe96df,13.0,7.0,218.0,58.0,51.0,205.0
744,0,adunit-lionsgate-moonfall-parallax-cta4-mpu,,,,,,
745,0,4f23f2bdbb2c99b8d63bba659d22fe79,166.0,815.0,466.0,879.0,64.0,300.0
746,0,698aa039cb003c1773b68cf89ab37096,53.0,201.0,303.0,255.0,54.0,250.0
747,0,adunit-yamaha-wolverine-user-choice-av-reuse-mob,104.0,191.0,376.0,261.0,70.0,272.0
748,0,e1d358918210126d2348bb98e47dfa86,348.0,795.0,582.0,845.0,50.0,234.0
749,0,91aa41c408ad4ff2e688c58c5ffe4e93,,,,,,
750,0,2b5174ee56b69baabe7f799a9de52411,348.0,795.0,582.0,845.0,50.0,234.0
751,0,adunit-milk-ctc-swipe-to-catch-mob,0.0,0.0,150.0,48.0,48.0,150.0
752,0,0978cddd7a740a70fa0ac73fb6603aee,248.0,677.0,567.0,781.0,104.0,319.0
753,0,64cfdaacd77f39b88f90210e79800a8b,348.0,795.0,582.0,845.0,50.0,234.0
754,0,4df8be2d1f001c08abee098975068323,78.0,643.0,397.0,773.0,130.0,319.0
755,0,adunit-j-and-j-listerine-tonic3-exxon-mpu,258.0,368.0,432.0,420.0,52.0,174.0
756,0,adunit-j-and-j-listerine-tonic3-exxon-fs,212.0,145.0,404.0,202.0,57.0,192.0
757,0,adunit-jaguar-nameplate-refresh-rfb-mob,162.0,812.0,463.0,868.0,56.0,301.0
758,0,74ca5c4df0e45247e224523c26d7ebf3,163.0,796.0,469.0,866.0,70.0,306.0
759,0,e300993c699d98ef0d6d574b043b65cc,,,,,,
760,0,adunit-mouser-user-choice-cpe-av-us-mpu,,,,,,
761,0,0383071848070b93a8a9f0c82c06e5e4,166.0,815.0,466.0,879.0,64.0,300.0
762,0,79a672060e901ce418230c3959619cca,213.0,860.0,411.0,919.0,59.0,198.0
763,0,adunit-mouser-user-choice-v2-cpe-aus-nz-mob,,,,,,
764,0,f125ec6ad94bd7b93c1502fb7e16e2ba,0.0,83.0,600.0,583.0,500.0,600.0
765,0,adunit-scotch-brite-gamification-mob,1.0,342.0,328.0,404.0,62.0,327.0
766,0,92c16abb4f96ac15f03501d3d4fbda05,348.0,795.0,582.0,845.0,50.0,234.0
767,0,4c0bb312924b2faa49f1eb556a5377ec,366.0,329.0,600.0,379.0,50.0,234.0
768,0,adunit-vodacom-ciot-curve-v1-mob,57.0,344.0,225.0,402.0,58.0,168.0
769,0,b378c281edcaebfbe47a3104fdc2e036,119.0,768.0,481.0,834.0,66.0,362.0
770,0,03231e84227b5038d1ce9c302019da8c,166.0,815.0,466.0,879.0,64.0,300.0
771,0,22d151fdc4f270e75bcf3729df08180f,,,,,,
772,0,05dff647236dcc065f51eea259e8a120,115.0,727.0,431.0,795.0,68.0,316.0
773,0,f88e2c7f24b2bcd83044f2ccfdef79c4,107.0,774.0,523.0,850.0,76.0,416.0
774,0,677e3e6c41c26d12647a0deb0a58c758,900.0,356.0,1091.0,399.0,43.0,191.0
775,0,ccce5533b26203d07100376c394951a6,,,,,,
776,0,adunit-yamaha-x2-seonsory-plus-mob,184.0,189.0,483.0,265.0,76.0,299.0
777,0,adunit-yamaha-x2-x4-userchoice-cpe-mob,154.0,479.0,426.0,549.0,70.0,272.0
778,0,4332420a9acfddfe6dedfe9b0646afd6,166.0,815.0,466.0,879.0,64.0,300.0
779,0,2287637d5dbfb7cc45fb816157a412fa,,,,,,
780,0,adunit-runnings-maps-mob,71.0,267.0,538.0,362.0,95.0,467.0
781,0,64a625126af2759b5e84aed912400e4f,222.0,156.0,380.0,199.0,43.0,158.0
782,0,3f8bf51e4f82aeecc825c4b2a12d92a7,133.0,244.0,313.0,292.0,48.0,180.0
783,0,adunit-western-union-ralphs-sensory-eng-auto-eng-mpu,,,,,,
784,0,267aa12df20c85a8c215e3d6f7a74879,84.0,454.0,326.0,524.0,70.0,242.0
785,0,9ecf3c519703026495d4f82df8bb2388,161.0,125.0,419.0,172.0,47.0,258.0
786,0,bae285cdb6a38209f32e9e0c5f0a69ce,33.0,75.0,333.0,139.0,64.0,300.0
787,0,c451990f363a5119a838d33acda877f1,0.0,66.0,600.0,393.0,327.0,600.0
788,0,adunit-heineken-pure-malt-v2-mob,,,,,,
789,0,adunit-lionsgate-spiral-new-2-puzzle-v5-mob,116.0,621.0,350.0,690.0,69.0,234.0
790,0,9155a2e9b6ccf3449b2403031ed99468,137.0,415.0,451.0,473.0,58.0,314.0
791,0,8bf41e73b0b48e4bc86fba470d3af1a8,348.0,795.0,582.0,845.0,50.0,234.0
792,0,ed9fd46313a5bce5f00d5fd720e5880f,73.0,5.0,284.0,66.0,61.0,211.0
793,0,29f4c491737ce1cd367ff019e7b2ccb7,198.0,840.0,434.0,900.0,60.0,236.0
794,0,adunit-lionsgate-moonfall-parallax-dec-v3-mpu,0.0,0.0,600.0,500.0,500.0,600.0
795,0,adunit-milk-user-slide-v2-mob,0.0,0.0,141.0,45.0,45.0,141.0
796,0,b429b231c4bcc785642a771a84b58eb2,33.0,75.0,333.0,139.0,64.0,300.0
797,0,f2aa99ddd5015647abc940e7d6695df2,166.0,815.0,466.0,879.0,64.0,300.0
798,0,99bcf45376c5182e77af6b40ccfa2d3b,,,,,,
799,0,8388c02100992a33a5a08e1e6dbe6204,33.0,75.0,333.0,139.0,64.0,300.0
800,0,6e526502767454c66cc93a391846bebd,,,,,,
801,0,adunit-ihop-ihoppy-hour-no-offer-mpu,137.0,219.0,466.0,275.0,56.0,329.0
802,0,adunit-jaguar-nameplate-refresh-rc-mpu,272.0,18.0,543.0,69.0,51.0,271.0
803,0,b25e2955ba18f9f0f63a3642abdee471,,,,,,
804,0,281ca748ff2f73232baa2a2d98041a63,140.0,746.0,461.0,816.0,70.0,321.0
805,0,adunit-ihop-window4-scary-face-mob,402.0,221.0,729.0,289.0,68.0,327.0
806,0,d7c5bf54f39eb745b553d06813cffb23,106.0,731.0,468.0,797.0,66.0,362.0
807,0,c2b3575ecfffe09f0f3b97a5883e6da6,166.0,815.0,466.0,879.0,64.0,300.0
808,0,26877a2094850375ec053651dd7aa4ea,169.0,714.0,445.0,777.0,63.0,276.0
809,0,adunit-western-union-ralphs-sensory-engagement-maps-mob,,,,,,
810,0,adunit-lionsgate-spiral-new-puzzle-v3-mob,198.0,815.0,432.0,884.0,69.0,234.0
811,0,cb1ae642e1bdcec602d24344d5d927b5,,,,,,
812,0,adunit-mouser-user-choice-v3-uk-cpe-av-mpu,259.0,326.0,437.0,360.0,34.0,178.0
813,0,44c8e52abc427a52c487122232409f5d,13.0,96.0,247.0,146.0,50.0,234.0
814,0,7feef5faff5461ca47f061ed5efbccf5,166.0,815.0,466.0,879.0,64.0,300.0
815,0,adunit-find-the-fox-magnifying-glass-sg-mob,,,,,,
816,0,f7f9e79ae3506b8c75810cae2ce276e7,112.0,325.0,293.0,376.0,51.0,181.0
817,0,adunit-western-union-sensory-unit-swipe-right-v2-mob,,,,,,
818,0,adunit-yamaha-wolverine-user-choice-av-v2-mob,179.0,789.0,451.0,859.0,70.0,272.0
819,0,3fb5ad02f38444843e343df0b505841d,348.0,795.0,582.0,845.0,50.0,234.0
820,0,0a18978cdc8b64f900b0db6a297eb99d,,,,,,
821,0,942616462420cb3890d00c65fc644e73,311.0,860.0,507.0,906.0,46.0,196.0
822,0,b22916b05fb1e90b8b8d33812483022c,348.0,795.0,582.0,845.0,50.0,234.0
823,0,adunit-ntuc-fair-price-christmas-mob,,,,,,
824,0,adunit-lionsgate-uwomt-user-slider-sensory-video-final-mob,124.0,49.0,490.0,236.0,187.0,366.0
825,0,adunit-mouser-user-choice-v3-aus-nz-cpe-mpu,325.0,176.0,503.0,210.0,34.0,178.0
826,0,c911bb936656e056779e31c273417b46,,,,,,
827,0,9931c8470e7412c45c890f4f7c59c1f4,0.0,91.0,330.0,151.0,60.0,330.0
828,0,adunit-mouser-user-choice-cpe-av-aus-nz-mpu,582.0,85.0,760.0,119.0,34.0,178.0
829,0,adunit-simple-feast-build-for-industry-survey-q5-mob,,,,,,
830,0,adunit-zee-punjabi-antakshari-in-mob,88.0,824.0,516.0,905.0,81.0,428.0
831,0,3a9208f5502fa4ad01ddf92a77a0e8a3,566.0,806.0,834.0,892.0,86.0,268.0
832,0,03c532904ec03423c5e30463a62401a5,,,,,,
833,0,adunit-engagementplus-ihop-mpu,524.0,676.0,896.0,736.0,60.0,372.0
834,0,eb641577b39bf60665e3130ac0d4e301,43.0,801.0,249.0,833.0,32.0,206.0
835,0,adunit-yamaha-rmax4-1000-le-sensory-plus-video-mob,,,,,,
836,0,adunit-chevy-user-slider-seat-interior-v1-cpe-mpu,,,,,,
837,0,adunit-lionsgate-spiral-puzzle-mpu,508.0,276.0,707.0,336.0,60.0,199.0
838,0,ae98b1f2a6ca87429bb43d29df7c682a,410.0,834.0,554.0,875.0,41.0,144.0
839,0,adunit-lexus-video-carousel-mpu,,,,,,
840,0,3c35998c3f4a279a008ac3ffd8481fea,579.0,537.0,840.0,589.0,52.0,261.0
841,0,adunit-yamaha-rmax2-1000-sports-sensory-plus-video-mob,,,,,,
842,0,3c162d32bb9bce8199f44c665b20977d,,,,,,
843,0,f95ed1b647ad098a3738f1b58142decd,166.0,815.0,466.0,879.0,64.0,300.0
844,0,adunit-western-union-sensory-unit-swipe-up-tap-mpu,,,,,,
845,0,d60dcbc971efa0b4c3cb76c245c35ced,0.0,0.0,600.0,900.0,900.0,600.0
846,0,adunit-livspace-before-after-in-tap-mpu,92.0,62.0,429.0,130.0,68.0,337.0
847,0,adunit-western-union-ralphs-scrub-v2-mpu,,,,,,
848,0,917250eb5213e41aa11f92282ec0b19a,42.0,138.0,247.0,189.0,51.0,205.0
849,0,74e0cd47380d7a41f96f5ca4ba214a8f,25.0,649.0,384.0,719.0,70.0,359.0
850,0,adunit-mouser-user-choice-v2-cpe-mob,53.0,9.0,547.0,103.0,94.0,494.0
851,0,e0c8ecc4ba1bc299fb4e43f6faccffb9,120.0,275.0,420.0,339.0,64.0,300.0
852,0,adunit-mouser-user-choice-v3-us-cpe-av-mob,370.0,83.0,864.0,177.0,94.0,494.0
853,0,adunit-ihop-ihoppy-hour-no-offer-mob,100.0,347.0,523.0,419.0,72.0,423.0
854,0,28c3515061ccebd5a08a954a584623e1,579.0,727.0,798.0,795.0,68.0,219.0
855,0,3c383647c107f40ba222bcddd47d3d1b,135.0,583.0,694.0,694.0,111.0,559.0
856,0,eabca629979238e5e3d65f6f4cd818fb,69.0,96.0,303.0,146.0,50.0,234.0
857,0,adunit-christian-dior-popup-store-mpu,,,,,,
858,0,6befe54086758294b47addf0c12052a7,65.0,793.0,242.0,847.0,54.0,177.0
859,0,00508a6979fdd9c2e5f8c68bfefe5f71,183.0,97.0,417.0,147.0,50.0,234.0
860,0,adunit-samsung-r9-launch-mpu,215.0,291.0,393.0,338.0,47.0,178.0
861,0,adunit-lionsgate-uwomt-user-slider-sensory-video-v1-mob,0.0,0.0,366.0,187.0,187.0,366.0
862,0,085e477e7aa74fc3a222bcb4385000be,166.0,815.0,466.0,879.0,64.0,300.0
863,0,71d0113ae02ccba7e3fd67f71baf2f2a,78.0,643.0,397.0,773.0,130.0,319.0
864,0,024df5698f28a46ebf4ac1ac5df2c202,37.0,296.0,275.0,363.0,67.0,238.0
865,0,af2eecc9194b8e3596bdb9d669f61715,,,,,,
866,0,e08fda6d23b50ed0e9ec2fed06e21518,,,,,,
867,0,adunit-lionsgate-spiral-puzzle-v2-mpu,544.0,839.0,743.0,899.0,60.0,199.0
868,0,3ee05bbb667222104101da1831329c3c,151.0,697.0,421.0,777.0,80.0,270.0
869,0,adunit-nestle-maggi-varieties-bouillon-en-uae-mpu,6.0,378.0,377.0,447.0,69.0,371.0
870,0,3ff8db0779a25d3a9b92aebfb0eebe69,166.0,815.0,466.0,879.0,64.0,300.0
871,0,8f3f46fa6a0accfd8b4563f2e35aaba5,20.0,10.0,620.0,910.0,900.0,600.0
872,0,adunit-facebook-conversational-commerce-3-0-vn-bio2-mob,,,,,,
873,0,adunit-hitmans-wifes-body-guard-user-choice-unit1-mob,,,,,,
874,0,5793a8d614757c76e8fcb904f943e586,0.0,0.0,600.0,900.0,900.0,600.0
875,0,adunit-mouser-user-choice-flight4-us-cpe-av-mpu,205.0,193.0,383.0,227.0,34.0,178.0
876,0,45bc44f6b1529331c282ba1f72e13b3c,311.0,697.0,569.0,744.0,47.0,258.0
877,0,adunit-mouser-user-choice-cpe-av-canada-mpu,582.0,85.0,760.0,119.0,34.0,178.0
878,0,adunit-chanel-j12-tw-white-en-2022-mpu,,,,,,
879,0,637244e2ca7b57187bd1b563a5b85846,166.0,815.0,466.0,879.0,64.0,300.0
880,0,3a5bb9945be02e4181eee1dec5c25edc,348.0,795.0,582.0,845.0,50.0,234.0
881,0,f398e921861a533315cd9e1085e2059c,33.0,75.0,333.0,139.0,64.0,300.0
882,0,3faf6a6e515ee4a3d08934b3e93a4a9e,,,,,,
883,0,4a626b2e90bd71acc2ef014c7e1123c7,166.0,815.0,466.0,879.0,64.0,300.0
884,0,adunit-therezopolis-beer-chegou-mpu,318.0,159.0,473.0,195.0,36.0,155.0
885,0,98555b9df18ae8d010794161505020dd,9.0,276.0,309.0,340.0,64.0,300.0
886,0,c6ce1941383baf5a5cbfa7cfbb89dbc2,,,,,,
887,0,adunit-chevy-user-slider-seat-interior-cpe-mob,170.0,808.0,452.0,858.0,50.0,282.0
888,0,39869b76f24193f841d1f95442803be3,166.0,815.0,466.0,879.0,64.0,300.0
889,0,7f25293ac6d5c570749cea2af84e8439,348.0,795.0,582.0,845.0,50.0,234.0
890,0,adunit-mouser-user-choice-v3-cpe-av-us-mpu,325.0,176.0,503.0,210.0,34.0,178.0
891,0,adunit-nestle-maggi-varieties-bouillon-ar-kwt-v1-mpu,2.0,375.0,373.0,444.0,69.0,371.0
892,0,9e068e03269af51054a95146bdaf3d45,328.0,688.0,928.0,771.0,83.0,600.0
893,0,5a051f7c0a58d5301f9953827218bc55,57.0,544.0,443.0,609.0,65.0,386.0
894,0,adunit-gm-ces-user-choice-mob,,,,,,
895,0,ec53b0973db5a35d83fd5bb009802bdb,56.0,28.0,216.0,80.0,52.0,160.0
896,0,623735c2b4b2d78c61e08073dbaa352d,12.0,96.0,246.0,146.0,50.0,234.0
897,0,7a6ba94986ecc183914a48eed61ebda7,422.0,140.0,615.0,190.0,50.0,193.0
898,0,adunit-ihop-window4-reeses-mob,,,,,,
899,0,adunit-mouser-user-choice-v3-canada-cpe-av-mob,31.0,551.0,525.0,645.0,94.0,494.0
900,0,8968a702d64524827de2ccf55c802d6c,806.0,331.0,1040.0,381.0,50.0,234.0
901,0,adunit-showtime-dexture-mpu,195.0,280.0,514.0,343.0,63.0,319.0
902,0,79bb17ace9de9ef7def221cc38b50c0c,78.0,184.0,283.0,235.0,51.0,205.0
903,0,adunit-chanel-j12-tw-black-en-2022-mpu,,,,,,
904,0,2561bbefebc84dc200ca14d63b221d55,490.0,509.0,730.0,567.0,58.0,240.0
